블로그내용
"지난달 한국 갔을 때 화장품 필요한거 이것저것 구입하면서 같이 데려온 
#토리든 다이브인 저분자 히알루론산 세럼
50ml, 정가 18,000원 (전 인터넷으로 1+1해서 훨씬 저렴하게 구입했답니다.)
원래는 9 위시스의 수분세럼을 한 6병 정도 쓰다가 새로운걸로 갈아 타자 싶어서 검색해보다 #리뷰 도 좋고 #착한성분 이라서 겟하게 된 #수분세럼
#저분자히알루론산 이라 당연히 피부흡수도 잘되겠죠!
착한성분인건 알고 있었는데 정말 안좋은성분들을 죄 다 뺐네요~
5D 복합 히알루론산과 저분자 히알루론산이 피부 속까지 수분을 빠르게 공급하고 D-판테놀을 함유하여 민감한 피부를 진정시켜 주는 #속보습 수분 #세럼 입니다.
유통기한은 2022 4월 7일까지 아주 넉넉하네요.
홍콩으로 돌아온 후 10일정도 꾸준히 사용하니 저만큼 줄어 들었네요.
9위시스 세럼은 30ml이라 금방 썼는데 
토리든 저분자 히알루론산 세럼은 50ml라 확실히 오래 사용할 것 같네요.
#토리든다이브인세럼 은 워터리한 제형이라 스포이드로 사용하는 세럼이에요.
전 스포이드 끝까지 채워서 얼굴전체에 도포해주고 에어컨 바람 때문에 피부가 좀 더 건조한 날에는 스포이드로 두 번 정도 얼굴에 넉넉하게 발라주면 확실히 속건조가 덜해지더라고요.
참고로 전 속건조가 엄청 심한 피부랍니다..
손등으로 죽~ 흘러내리는거 보이시죠?
에센스타입의 토너에 가까운 제형이라 피부에 흡수가 정말 잘됩니다.
정말 모든제품이 피부에 쏙 흡수되는 느낌이에요.
그래서 더 속건조에 도움이되는 것도 같구요.
번들거림 전혀없이 정말 쏙 흡수된거 보이시나요?
토리든 다이브인 세럼 성분 착한건 말할 것도 없고 속건조에도 많은 도움이 되고 날씨 더워지는 여름철에 끈적임없이 사용할 수 있어서 앞으로도 꾸준히 사용할 것 같아요.
민감성피부부터 지성피부까지 어떤피부에도 부담없이 사용할 수 있는 토리든 다이브인 세럼 완전 추천합니다!!"
"올리브영 다이브인 저분자 히알루론산 세럼
Dive in Serum
(내돈 내산)
뚜띠블로그
안녕하세요
뚜띠블로그 뚜띠예요
오늘은! 제가 수부지 피부라서 화해어플에서 눈여겨 보던 세럼을 구매하게되었습니다
올리브영도 마침 세일이지만 저는 어플을 통해서 구매하게되었어요
피부타입 : 수부지 복합성
현재 저는 스킨과 수부지피부라 수분만 채워주는 세럼을 사용하고 있긴 헀는데요
그래도 속당김이있어서 속당김 피부에 좋다는 평때문에 구입하게됬어요
다이브인 저분자 히알루론산 세럼
가격은 1만원 후반대로 세일해서 구매했어요
세일을 자주하는지는 저도 이번에 처음 사봐서 잘 모르겠어요
사진처럼 유해물질이 전혀 들어있지 않다고 화해 어플에도 나와있더라구요
저는 민감성이긴 한데..그래서 저 성분을 보고샀거든요?
근데 결론부터 말씀을 드리자면...좁쌀 뾰루지가 계속 나더라구요
저는 초민감인가봐요....쥬륵..
다이브인 저분자 히알루론산 세럼 포인트
속보습 개선, 피부 진정 장벽 강화, 약산성, 저분자 히알루론산, 비타민 B5
성분은 소문대로 좋은 것 같아요
수부지인 제가 발랐을 때 느낌은
아침에 일어났을 때 정말..거짓말처럼 속땅김이 없더라구요
지성피부에도 사용할 정도로 라이트한 느낌이였어요
오..소문이 사실이였어 하며 신기해했죠
패키지도 수분을 가득 머금은 청량한 너낌....
패키는 제스타일이네요 ㅎㅎ
사용전 비포와 한방을 떨어트린 상태예요
오른쪽에서 보다싶이 흐르는 제형까지는 아니고 적당히 꾸덕한 느낌이예요
유분이 있을까 걱정을 많이했는데 괜찮더라구요
저희 어머니가 건성이신데 바르자마자의 느낌은 무슨 막이 생긴것 같으셔서
약간의 답답함은 살짝 있으셨대요
저는 소량을 발라서 그런지 답답하지는 않았어요
바르고 이렇게 조금만 지나면 다 잘 스며들어요
끈적임이 없어서 좋았어요
요런 스포이드 재질
제 피부에는 계속 좁쌀 여드름이 나서...저는 사용을 포기하고 어머니에게 드렸어요
어머니는 별로 안민감하셔서요ㅎㅎ 
흡수력은 보시다싶이 아주 빠르고요
바르고 뭐 광이 남아있거나 그러진 않아요
총평 : 저는 유난히 예민해서 좁쌀 여드름이 났지만
건성인 저희 어머니에겐 수분감을 채워주는 아이였습니다
저도 여드름 올라온 것 빼고는 유분감 거의 없이  속건조 잡기에는 좋았어요"
"#토리든 #토리든다이브인저분자히알루론산세럼
#다이브인저분자히알루론산세럼 #토리든다이브인세럼
 #히알루론산세럼 #내돈내산 #공병템
안녕하세요! 혜민입니다 *(๑ºั╰╯ºั๑)๛♡
벌써 마스크를 쓰고 다닌 지 1년이 넘었어요..!
마스크를 이렇게 오래 쓰고 다닐 줄 몰랐는데
이젠 마스크는 피부와도 같죠ㅠㅠ
이 때문인지 요즘 피부가 난리가 났어요 (`Д´)ゞ
피부에 대한 관심은 많았지만
귀차니즘이 심한 저는 스킨, 로션, 수분크림
이 3가지로 지금까지 발라 왔는데요
요즘 제 피부를 보니
정말 관리가 필요할 것 같더라고요
제가 피부 때문에 엄청난 고민을 하게 될 줄 몰랐습니다
ヽ༼ಢ_ಢ༽ﾉ ヽ༼ಢ_ಢ༽ﾉ
메이크업(색조) 위주로 관심이 많았던 터라
스킨케어는 어떤 제품이 좋은지 잘 모르겠더라고요
그럴 때마다 사용했던 화장품 앱 화해를 꺼내서
판매 랭킹을 찾아봤더니
출처: 화해 앱
에센스/앰플/세럼 랭킹에서
#토리든 #다이브인저분자히알루론산세럼 이
1위를 차지하고 있더라고요
사실 처음 들어보는 브랜드여서
다른 제품을 살까 하다가
출처: 화해 앱
리뷰가 약 2400개에 평점이 4.5점 이상이어서
기대 반 궁금 반으로 구매하였습니다
제가 한 병을 다 사용한 뒤 작성하는 리뷰라서
사용 전, 사용 후 사진도 첨부하였습니다 :-)
끝까지 봐주세요!
그럼 리뷰하러 레츠 디기릿
토리든 
다이브인 저분자 히알루론산 세럼
50ml
22,000원
토리든 다이브인 저분자 히알루론산 세럼,,
이름 정말 길죠?,,?
좋은 말을 다 넣은 그런 너낌 ㅎㅎ
제가 구매한 50ml는
현재 공홈과 네이버 스토어에서 할인하여
17,600원에 판매 중!
2개를 묶어 33,000원에 판매 중이니
더 저렴하게 구매하실 수 있습니다
배송받아보니
토리든 다이브인 저분자 히알루론산 세럼 역시
화해 어워즈에서 1위 한 제품이라고
아주 크게 광고 중입니다
이러니 1위 제품의 효과가 어떨지
정말 궁금해지네요 (ง˙∇˙)ว
제 피부 타입이 수부지에 민감성이라 
스킨케어 제품을 살 때 성분을 가끔씩 따져가며
구매하는 편인데
출처: 화해 앱
성분 구성에 주의성분과 알레르기 유발 주의성분이
함유되지 않은 점 / 임상시험 테스트 완료
이 두 가지가 눈에 띄더라고요!
요즘 화장품에 들어가면 안 되는 성분까지
함유되어 있다는 뉴스 기사를 본 적이 있는데
주의성분 자체가 들어가지 않았다는 점에서
왠지 모르게 안심되었습니다 :D
지성, 건성, 민감성 피부
3가지 타입에 모두 적합한 성분이 들어있네요
수분 부족한 지성형에 민감한 피부를 가지고 있는
저한테 딱 좋은 제품!
토리든 다이브인 저분자 히알루론산 세럼의
장점과 성분이 양쪽 사이드에 적혀있습니다
저분자 히알루론산 세럼 포인트로
속보습 개선, 피부 진정/장벽 강화, 약산성 pH5.5,
저분자 히알루론산, D-판테놀(비타민 B5)
5가지를 강조하였습니다
여기서 조금 어려운 단어들이 많이 있죠?!?
약산성 pH5.5, 저분자 히알루론산, D-판테놀
이 3가지가 가장 궁금해하실 것 같아요
이건 제가 해결해 드릴게욥
일단 약산성 pH5.5는 
제가 리무버 포스팅을 올렸을 때도 설명을 했었죠!
우리들이 피부는 약 pH5.5 정도인
약산성으로 되어있기 때문에
기본적으로 약산성 조건을 지켜줘야
건강한 피부를 유지할 수 있습니다
따라서 피부와 비슷한 산성을 가진 제품을 사용한다면
피부에 많은 영향을 미치지 않는 게 가장 큰 장점이죠!
두 번째 일단 히알루론산은
피부에 수분을 공급해 주는 성분입니다
저분자로 이루어진 히알루론산이라면
분자가 작다 보니 흡수력이 빨라
피부 깊숙이 보습이 가능합니다
세 번째 D-판테놀은 비타민의 한 성분으로
예민한 피부에 피부 진정을 주는 성분입니다
이 정도면 솔직히 어벤져스급 효과를 가진 제품 아닌가여,,?
ㅎㅎㅎㅎㅎ
정말 이 효과가 다 나타났으면 좋겠네욥
여기서 알 수 있듯이
다이브인 저분자 히알루론산 세럼 제품이
가장 강조하는 점은
!! 보습 !!
포장지를 열어보니
다이브인 세럼은 약간의 푸른색을 띠고 있으며
투명용기와 스포이드로 이루어져 있습니다
50ml라서 그런지
제 손바닥 정도의 크기였어요!
조금 작습니다
그 뒤엔 함유되어 있지 않은 물질이 체크되어 있습니다
그럼 이제 제형을 자세히 봐야쥬
토리든 다이브인 저분자 히알루론산 세럼 제형
재생 수
6
2
00:00 | 00:14
화질 선택 옵션
자동

접기/펴기
토리든 다이브인 저분자 히알루론산 세럼 제형
제 생각과 전혀 다른 제형이었어요!
저는 완전 물 같은 제형일 줄 알았는데
쫀쫀한 워터젤과 같은 제형이었어요
쫀쫀하지만 끈적임이 없으며
저분자 히알루론산으로 이루어져 있어서 그런지
흡수가 빨랐습니다
흡수가 빠르면 겉으로는 건조하다고 느낄 수 있기 때문에
1번 도포하여 바르는 것보다
2번 레이어드하여 바르는 게
피부 보습에 더 좋을 것 같아요!
그럼 피부에 직접 발라봐야죠
제가 지금까지
토리든 다이브인 저분자 히알루론산 세럼을
어떻게 사용해왔는지 소개해드릴게요 ٩(^ᴗ^)۶
첫 번째로 세안 후 토너로 피부 결을 정리해 주었습니다
그 뒤
스포이드로 이마, 볼, 코, 턱 부위에
적정량을 도포해 주었습니다
세럼을 피부에 고르고 넓게 펴주고 발라준 뒤
흡수가 잘 되도록 두드려주는 게 포인트!
같은 방법으로 한 번 더 발라준 뒤
수분크림과 로션으로 마무리해 주었습니다
이렇게 아침과 저녁 세안 후 해주었으며
찐으로 한 병 사용 클리어-
제 기준 50ml를 한 달 반 정도 사용했습니다
이제 사용 전과 후가 아주 중요하죠!
사용 전 / 사용 후
2월 18일 날 찍은 사진이 사용 전이고
오늘 찍은 사진이 한 달 사용 후입니다
(피부 톤은 핸드폰으로 찍느라 차이 납니다)
(트러블과 피부 광 위주로 봐주세요!!)
화해 앱 리뷰를 봤을 때
트러블에 굉장한 효과를 보신 분들이 많더라고요
하지만 저는 사진에서 보면 알 수 있듯이
트러블엔 큰 효과는 없었습니다
오히려 다른 부위에 생겼,,,
하지만 바르는 순간 수분감이 느껴지며
지금은 살짝 광이 도는 게 보이시죠?
속 건조함이 개선되었는지
세안 후 제품을 바르지 않아도
살짝 광이 도는 모습을 볼 수 있었습니다
트러블엔 큰 효과를 보진 못했지만
토리든 다이브인 저분자 히알루론산 세럼이
가장 크게 광고했던 속보습은
저도 어느 정도 효과를 본 것 같아요
그래서 재구매할 의향은 있을까요?
저는 있습니다
일단 한 달 반 사용하여 이 정도 효과가 나타난 것도
성공이라고 생각해요 ㅎㅎ
토리든 다이브인 저분자 히알루론산 세럼 제품은
저와 같이 수부지 피부거나 민감성 타입에 추천합니다
끈적임 없이 촉촉하고
흡수가 빠르다는 것과 유해성분이 없다는 것이 장점!
그러나 용량이 작은 편이라
한 달~한 달 반 정도면 끝난다는 것이 단점!
두 개를 묶어서 파는 제품이 더 저렴하니
그것을 구매하는 게 더 이득이네요 :)
요즘과 같은 마스크 필수 시대에
적합한 제품이라고 생각합니다
궁금하신 분들은 토리든 공식 홈페이지나
네이버 스토어에서 구매해보세요!
(그러나 너무 큰 효과를 기대하지 않으셨으면...!!)
제 리뷰는 참고만 해주세요 Ψ(ﾟ∀ﾟ)Ψ
오늘도 제 블로그에 놀러와 주셔서 감사합니다~
저는 다음 포스팅 때 올게요!!
그럼 안녀어어엉ㅇ
*광고 아닙니다! 내돈내산 리뷰입니다!*
❤서이추, 댓글, 공감 모두 모두 환영입니다❤"
"안녕하세요
이제 어엿한 봄이라고 할 수 있는 날씨네요.
봄철은 외부 환경에 의한 자극으로 피부가 
민감해지는 시기이기도 하죠.
저는 스킨케어 단계중에 세럼(에센스)을
필수로 하고 있어요.
세럼은 활성 성분을 고농축한 것인데,
활성 성분은 피부의 노화를 방지해준다고 해요.
또 입자가 매우 작기 때문에 피부 속 깊숙이 침투해서 피부 세포 재생을 도와준다고 하네요.
따라서 꼭 사용해주시면 좋은 제품이라 할 수 있죠.
저는 보통 화해 어플을 보고 화장품을 구매하는 편인데 토리든 다이브인 저분자 히알루론산 세럼
이 제품이 후기가 좋더라고요.
또 제가 그 동안 블로그에 올렸던 포스팅들을 보면 알 수 있듯이 성분을 꼼꼼히 따지고
저자극인 제품들만 사용하고 있어요 :)
이 제품 또한 성분이 좋아서 구매했어요 ㅎㅎ
사용해봤는데 속건조 잘 잡아주는데 가장 좋았어요.
얼굴에 펴바르고 3초정도면 바로 흡수되더라고요.
바르면 오랫동안 촉촉하고 
피부가 진정되는 느낌이에요.
2~3번 레이어링 해서 바르니까 더 쫀쫀하게 
수분감이 느껴지더라고요:)
스포이드 타입이어서 흘러내리지 않고 
양 조절도 쉬웠어요.
또 위생적인 부분도 좋네요.
유분감은 전혀 없고 
수분으로만 가득 차 있는 느낌이에요. 
히알루론산 세럼인데도 끈적거림도 없어서 좋아요.
건성피부이신 분들은 
오일이랑 섞어서 바르시면 좋을 것 같아요.
제형은 묽은 편이에요.
그리고 피부에 자극적이지 않고 계절에 관계없이 
부담스럽지 않게 바를 수 있는 느낌이에요.
사진으로는 잘 안보이지만
 색은 아주 연한 하늘빛이에요.
발랐을때 모공을 막는다는 느낌은 없고,
촉촉한 느낌이었어요.
밤에 바르고 자면 다음날 아침 피부가 촉촉해져서
 좋아요:)
이 제품은 정말 단점을 찾기 힘든 것 같아요.
그정도로 정말 만족한 세럼이에요.
가격은 화해 어플에서 세일해서 구매하면 100ml에 26,900원으로 괜찮은 것 같아요.
이상으로 토리든 다이브인 저분자 히알루론산 세럼
내돈내산 리뷰 마칠게요;)
토리든 다이브인 히알루론산 세럼
재생 수
0
0
00:00 | 00:00
화질 선택 옵션
자동

접기/펴기
토리든 히알루론산 세럼
#토리든 #히알루론산 #세럼 #에센스 #세럼추천 #에센스추천 #지성피부 #건성피부#토리든세럼"
"토리든 다이브인 저분자 히알루론산 세럼

토리든 다이브인 저분자 히알루론산 세럼! 이름도 참 길고 어렵죠?
매번 다른 세럼을 사용하던 유목민 아옹이 정착한 세럼이에요~



병에 둥글게 말려붙여진 형태로 영어로 성분 등등이 적혀있는데요~
토리든 다이브인 저분자 히알루론산 세럼 이라고 한글로 친절하게 적혀도 있네요!ㅎㅎ
히알루론산이 수분 충전, 보습효과를 준다는데 개인적으로 보습보다도
민감성 피부에 적합해서 정착해서 사용중이에요!





토리든 다이브인 저분자 히알루론산 세럼은 요렇게 앰플처럼 스포이드 형식으로
쭈욱 빨아들인 뒤에 톡톡 떨어뜨려 사용하는 방법입니다~

 

토리든 다이브인 저분자 히알루론산 세럼의 뚜껑부분이에요!
스포이드의 윗부분이기도 하죠




투명하고 묽은 제형이 수분 잘 충전될것같죠?
토리든 다이브인 저분자 히알루론산 세럼은 민감성, 수부지(수분부족지성)피부이신 분들께 좋을거 같아요
그리고 오일리하거나 되직한 제형이 싫으신분들도 잘 맞을거같아요

사실 이미 아실분은 다 알고 쓰고 계시는 꿀템이지만
민감성에 수부지인 아옹이 정착한 꿀템이라서
토리든 다이브인 저분자 히알루론산 세럼 소개해 드렸어요~!
 



#토리든 #토리든다이브인 #토리든세럼 #토리든다이브인저분자히알루론산세럼 #저분자히알루론산 #히알루론산 #세럼 #세럼리뷰 #세럼후기 #토리든세럼후기
#뷰티 #뷰티리뷰 #뷰티블로그 #세럼추천 #기초추천 #화장품추천 #일상 #일상블로그 #일상템 #내돈내산 #내돈내산후기"
"피부타입 : 지성 , 수분 부족형 지성 , 민감성, 홍조, 알레르기 , 최근 마스크로 인한 접촉성피부염 진단 받음
원래 살성 자체가 예민한 편이라서 조그마한 상처에도 멍이 잘 생기는 편이다.
피부도 청소년기에 완전 심하게 뒤집어 질 때가 있었어서 
고생을 조금 하다가, 성분 순한 제품으로 쓰자 해서 화해 어플 참고해서 
시드물 라운드랩등 진짜 순한 것만 썼었던 듯, 
일단 나한테 병풀 추출 제품은 썼을때 피부에 트러블이 올라왔었기에, 
나와는 맞지 않는 듯 싶었고, 유명한 쑥 에센스도 써보았는데 
이것만 쓰면 피부가 난리가 나는 느낌이라서 쑥 에센스도 중단 했다. 
그러다가 근 일년간 정착했던 기초제품이 닥터지 라인이었다.
일단 성분이 순하기도 했고 시중 판매가는 가격대가 조금 있는 편이지만 
지인 중에 군 관련 된 사람이 많아서 
토너 로션 수분크림 다 몇 통씩 쟁여놓고 썼었는데 만족스러웠음 뭐 나지도 않았고 
그렇게 사용하다가 더이상 지인들에게 부탁을 할 수 없을 것 같기도 했고
홍조+마스크로 인한 트러블 때문에 피부 장벽을 키우고자 해서 구매한 제품이 
토리든 다이브인 수분크림과 세럼이다.
화해에서 순위도도 굉장히 높은 편이었고 성분을 보았을때 나쁜 성분도 없었던 것 같았고 후기도 ㄱㅊㄱㅊ 
무엇보다 세일할때 사서 가격도 되게 저렴한 편이라 바로 구입을 하게 되었다. 
세일기간이라 그런지 배송은 3-4일 정도 걸렸던 것 같다. 
토리든이라는 화장품 회사는 처음 들어봤는데 
생긴지 얼마안 된 지는 모르겠지만 
마케팅으로 뜬 회사는 아닌 것 같아서 구매 함!
토리든 다이브인 저분자 히알루론산 크림
닥터지 레드 블레미쉬 크림을 다 써서 세럼 사는 김에 함께 구매한 크림
세일가로 저렴하게 득탬했다. 
아무래도 피부 타입이 수부지 지성이라 
유분기가 많이 맴도는 제품은 쓸 수가 없다. 
피지오겔도 괜찮다던데 그놈의 유분감 때문에 탈락함 
은근히 되게 조그만하다 용량은 80ml
튜브 형식으로 패키징 되어있다.
닥터지는 통에 담겨 있어서 거의 다 써갈 무렵에 바닥 긁기가 조금 힘들었던 터라,
아무래도 개인적으로는 튜브 형식이 더 나은 듯 
사실 저분자도 모르고 올리고펩타이드도 뭔지 모름
일단 많이 나쁜 성분이 안 들어간 거 알겠고 
약산성 마음에 들고 속건조와 피부 장벽을 튼튼하게 해준다고 한다. 
아 동물실험 기업인지는 모르겠다. 
살 때에 동물실험 기업은 소비 안 해야지 했다가 
급해서 주문하고 이제서야 생각남.. 
1회 짜보았을때에 저 정도의 양이 나온다. 
일단 닥터지 레드 어쩌고가 완전 수분 폭탄인 느낌이라면 
토리든 다이브인수분크림은 수분 8유뷴 2인 느낌?
근데 촉촉함이 더 컸고 얼굴에 발라 보았을때 
기름진 느낌이 없었다. 겨울용으로 완전 ㄱㅊㄱㅊ음
일단은 지금 일주일 정도 사용해보았는데 
트러블 올라온 게 없었고, 이마에 있던 좁쌀도 가라 앉았다. 
재구매의사 있음 
토리든 다이브인 저분아 히알루론산 세럼
이거랑 다자연 어성초랑 고민을 많이 했는데 
예전에 어성초비누 쓰고 피부 뒤집어진 경험이 있어서 고민하다가 
토리든걸로 샀음 역시나 세일가로 저렴하게 구매했다.
용량은 50ml
뭔가 패키지가 시원한 느낌이 강하다. 
완전 끈적거리지 않았으면 좋겠다고 생각했는데 
끈적이는 제형은 아니었다. 
이 역시 안 좋은 성분 안들어가고 
D판테놀을 함유해서 민감한 피부를 진정시켜주는 속보습 수분세럼이라고 한다. 
스포이드로 떨어트려 보았을때 저렇게 흐르는 제형이다. 
살짝 콧물제형인데 이 역시 끈적한 느낌이 아니라서 좋았음
지성한테 왕 추천한다. 
아침에는 닥터지토너 - 닥터지로션
저녁에는 닥터지토서-다이브인세럼-닥터지로션-다이브인 수분크림
의 순서로 사용중인데, 확실히 아침에 자고 일어나면 세수할때에 피부가 촉촉하다. 
좁쌀도 많이 죽었고 올라오는 것도 없고 
둘 다 재구매 의사 있음 
수부지랑 지성한테 추천!"
"화해에서 1위하길래 사봤는데 이게 피부 구원템이 될 줄은 몰랐어여.. 당연히 제 돈주고 구매했고 지금도 사용중입니닷.
약 5년간 성인 여드름에게 호되게 당하다가 천호 화접몽 한의원을 다니면서 정상인 피부가 되었습니당. 그간의 슬픈 나날들은 링크를 확인해주세요.ㅎㅎ
화안치료로 피부 갱생시키기(aka.약초필링)
난 써보고 좋은건 소문 엄청 내는 충성심 높은 고객이라 여기저기 홍보하고 다닌다. 안좋은 것도 떠벌떠벌 ...
m.blog.naver.com
그런데 한방필링을 받고 난 몇달간은 깨끗하게 유지가 되다가도 근본적인 문제를 잡지 못해서 그런지 다시 트러블이 올라오곤 하더라구요. 특히 좁쌀이 진짜 대박 스트레스였어요. 셀카찍을때마다 올라오는 딥빡....
 큰 것들이 잡히고 나니  좁쌀여드름과 여드름 흉터가 신경쓰이더라구요. 정말 좁쌀은 컨실러로 가릴수도 없고 ㅠ
 이때는 항상 쓰던 약산성 클렌징을 안쓰고 달바에서 나온 오일 폼클렌저를 썼다가 뒤집어졌을 때예요. 제품이 아무리 좋아도 초예민한 피부가 받아들이질 못하면 저는 사용할 수가 없어요. ㅠㅠ 
제가 꽂힌 포인트예요. 단계별로 피부층에 투입된다고 하니까 악건성이 개선될 것 같은 느낌? 진짜  호갱본능이 꿈틀대는 순간 기억난다...
9일 사용 후 찍은 사진입니다.  턱부분에 있는 여드름 흉터가 옅어졌어요. 이마에 있던 트러블도 들어간 게 보이시나요? 그리고 체감상 건조함이 덜해졌고, 스스로 느끼기엔 피부톤이 일정해졌어요.
사용해보니 다행히도 트러블이 올라오지 않더라구요. 저는 화장품이 안맞으면 트러블이 즉각적으로 올라와서, 첫 사용 후 트러블이 올라올 기미가 보였다면 저렇게 한통을 사용하지도 않았을 꺼예요. 
지금까지 50ml 2병, 100ml 1병 썼구요 앞으로도 계속 사용할 것 같아요.
이것만으로는 건조해서 바이오더마 시카비오 포마드 로션도 발라요. 이게 엄청 기름진 느낌이라 걱정했는데 트러블이 나지 않더라구요.
 제 루틴이예요.
세안 후 EGF올로지 미스트- EGF세럼(냉장보관중) 이 두개가 완전히 흡수된 후
다이브인 저분자 히알루론산 세럼 3번 덧발라주고 어느정도 흡수되면 시카비오 포마드를 새끼손톱보다 조금 덜 짜서 발라줍니당.
저처럼 악건성에 초예민한 피부이신 분들에게 추천해드리고 싶어요, 하지만 아무리 저에게 잘 맞아도 다른 사람에겐 맞지 않을 수 있으니 화해어플에서 후기 많이많이 보시고 구매하시길 바래요~~~
#다이브인세럼 #저분자히알루론산 #다이브인 #활성egf #내돈내산 #악건성피부"
"토리든 다이브인 저분자 
히알루론산 세럼
수부지 피부의 내돈내산 후기!
안녕하세요 mimi맘 입니다
제가 화장품 쓰는 것 중 소비량이 
제일 많은 건 아마도 세럼인 듯 싶어요
그래서 세럼은 좋다고 소문난 제품들 위주로 
하나씩 사서 써보는 편이거든요
쓴던 세럼이 다 떨어져가
올리브영 세일 기간에 하나 구입했어요
제가 구입한 제품은 토리든 
다이브인 저분자 히알루론산 세럼인데
2020화해 뷰티어워드 세럼부문 1위이고
저자극의 속보습을 채워주는 3초세럼이라고
평도 좋은 편이라 저도 구입해봤어요
#올리브영세일템 #토리든 #다이브인저분자히알루론산세럼
 #3초세럼 #내돈내산 #히알루론산세럼 #속보습수분세럼 #토리든세럼
Torriden
다이브인 저분자 히알루론산 세럼
50ml / 정가 22,000원
모든 피부용
<피부 저자극 테스트 완료>
5가지 고-중-저분자 히알루론산 함유로
 속피부 부터 겉피부까지 빠르게 수분을 채워주고
말라카이트 추출물, D-판테놀, 마데카소사이드 성분이 
함유되어 피부 진정에 도움을 준다고 해요
다이브인 저분자 히알루론산 세럼은
성분 하나는 정말 끝내주더라고요
화해어플로 찾아보니
 주의성분은 0개!!
출처. 화해어플
저도 요즘 트러블이 잦아서 아무래도 성분을
따져보게 되는데 요 세럼은 민감성 피부인 
분들이 쓰기에도 좋을 것 같아요
5D-복합 히알루론산 성분이 들어있다니
건조한 요즘 보습감 채워주기 괜찮을 것 같고요
세럼은 블루빛이 돌고 향은 거의 없더군요
또 스포이드 타입이라 양 
조절하며 쓰기도 굿~
다이브인 저분자 히알루론산 세럼
손등 테스트 부터 해볼게요
보습력 좋은 세럼이라고 해서
쫀쫀한 느낌일 줄 알았는데
생각보다 더더더 묽은 편이네요..
흡수력도 빠른 편이고 
끈적임 없는 발림성도 괜찮은데
아.. 보습감이 좀 아쉽네요
한 번만 발라서일까요?
좀 속까지 꽉꽉 채워주는 느낌보다는 
가볍다는 느낌이 들었어요
자극은 없지만, 너무나 가벼운 발림...
여기서 한가지 팁!!
저처럼 수분감이 더 필요하다 느낄때
2~3번  레이어링 하며 도포해주거나
오일을 추가해서 사용해주면 더 좋다고해요
제 피부에도 바로 투하~!
before
평소 화장품을 듬뿍 바르는 편은 아닌데
토리든 다이브인 저분자 히알루론산 세럼은
듬뿍듬뿍 발라줘야겠더라고요 ㅎㅎ
▽▽ AFTER ▽▽
아, 히알루론산 세럼인데..
수분감이 넘나 약해ㅠㅠ
흡수력은 진짜 좋고, 자극없는 것도 칭찬하지만
기대 이하의 수분력이었음.
저같은 수부지 피부는 여름에 쓰기 괜찮을 것 같지만
요 세럼 하나로 속보습까지 채워주는 수분감을
 기대하기엔 좀 무리가 있지 싶더군요
세럼 단독으로 쓰다가 도저히 안되겠다 싶어
지금은 달팡 카모마일 아로마틱 오일을 
추가해 사용하고 있어요
#달팡카모마일아로마틱오일
가격이 사악한 달팡 오일...
다이브인 저분자 히알루론산 세럼 
적당량을 덜고 달팡 오일은 한방울 
톡 떨어뜨려 발라봤더니..
대박..!!!
아니, 오일 한방울 추가했을 뿐인데
완전 쫀쫀하게 수분감이 좋아지더군요
토리든 세럼 + 달팡 오일
이 조합 정말 좋네요!!
달팡 오일이 좋은건지 
토리든 세럼이 좋은건지..ㅋ
암튼 두개 섞어서 바르니 
원하는 보습감 딱 맞게 채워지는 것 같아
저는 요렇게 바르고 있어요^^
토리든 다이브인 저분자 히알루론산 세럼
가격은 괜찮은 편이지만 보습감이 약해서
재구매는 좀 망설여집니다
mimi맘의 리뷰 끄읏~"
"안녕하세요 잇님들!
잇하-!(유행지났죠?ㅎ)
🙋🏻‍♀️🙋🏻‍♀️🙋🏻‍♀️🙋🏻‍♀️🙋🏻‍♀️
제 블로그에서 보지못하셨던 새로운 아이템을 가지고 
등장했습니다!!
첫 뷰티템 후기에용ㅋㅋㅋㅋ
피부도 안좋고.. 예쁘지도않고... 뷰티템 포스팅은 
무리데쓰 이지만
앰플or세럼 추천드리고싶어서 가지고왔어용
물론 내돈내산입니다!
개인적으로 겨울에는 속당김이 좀 심한편이라
여름엔 가볍게 바르는 편이지만
겨울엔 앰플을 꼭 쟁이게되는데요!
작년 겨울에 이어 올해도 구매한 인생템 다이브인 저분자 히알루론산 세럼이에요 : )
세럼과 앰플은 같은 역할을 한다고하니
둘중 하나 찾고계시다면 추천해드릴게요!
다이브인저분자히알루론산세럼
사실 이미 유명한 제품이지요!
다들 한번쯤 들어보셨거나 사용해보셨을 것 같아요!!
작년에 월급의 노예이던 시절..
회사 건물이 too much 따듯...
히터에 얼굴이 바스스 날아가는 느낌이었달까요
따가울정도로 건조하고 속당김이 심해서
여기저기 찾아보다가 알게된 세럼이에용
보시다시피 2019 화해어워드 1위세럼이고
속보습 개선율 114.94%라고합니다
100퍼센트가 넘는다는건 무조건 개선된다는.. 거겠죠???
작년에는 100ml를 구입해서 다 사용했고
올해는 올리브영 세일기간을 이용하여 50ml로 
구입했어요!
인터넷으로 구입하는게 가장 저렴한 것 같긴합니당!!
성분이 순해서 예민하신 분들께도 잘 맞지않을까 싶어요
저분자 히알루론산 세럼 포인트!
속보습 개선
피부 진정˙장벽강화
약산성 pH5.5[±0.5]
저분자 히알루론산
D-판테놀[비타민B5]
라고 적혀있는데
사실 잘 모릅니다 ㅋㅋㅋㅋㅋㅋ
저도 후기보고 산거니까요.. 데헷
사용 후기 남겨볼게요!
얼굴에 비포&애프터 해보려고 했으나
약혐이기에.... 잇님들을 위해 손등으로 대체합니다
양해부탁드려요 (찡긋)
비포
토실토실한 제 손입니다 : P
저도 손 예뻤으면 좋겠어요ㅠㅠㅠ
한 방울을 톡 흘려보았어요
혼자 찍다보니 과정샷 없음 주의 ㅋㅋ
애프터
부드럽게 롤링하여 도포하였습니다
촉촉하게 수분 충전된 모습 보이시나요?
앰플이나 세럼 사용할 때
보습에 좋다는 제품 써보면
너무 꾸덕(?)하여 조금 무거운 느낌이 드는 경우가 종종 있는데요
다이브인 세럼은 가볍게 발리지만 
보습력은 전혀 가볍지않습니다!
산뜻하게 발리고 효과가 오래 가는 것 같아요
비포애프터
한방에 보여드릴게용
차이 보이시나요?
작년 겨울에 사용해본 바로는
속당김 확실히 줄어들고 건조함이 조금 덜했어요!
물론 사무실이 너무 막강히 건조한탓에
하루종일 촉촉함 유지 까지는 아니었지만
아침 세안 후 다이브인 세럼 사용
+ 메이크업 시 파운데이션과 피지오겔 섞어서 바르기
+ 건조할 때 마다 차앤박 프로폴리스 앰플미스트 뿌리기
요 루틴으로다가
건조함의 고통에서 조금 해방되었던 기억이 나네요!
다양한 제품들을 사용해 본 건 아니지만
제가 사용해본 것 들 중에선 속당김이 가장 덜한
보습력 좋은 세럼이었습니다!
쌓여있는 먼지는 못본척해주시구...
괜시리 스벅템들 앞에 한번 놓아봄...헷
인물사진으로 한번 찍어봄...
ㅋㅋㅋㅋㅋㅋㅋㅋㅋㅋㅋㅋㅋ
저 오너먼트 넘 귀엽지않나요ㅠㅠ
(집에 트리없음 주의...ㅠ)
이렇게  첫 화장품 리뷰를 마무리해볼게요
찐으로 만족스러운 제품이라 한번 포스팅해보았어요!
장시간 마스크 사용으로 인해 피부가 예민해지시거나
건조함, 속당김이 심하신 분이라면
한번씩 사용해보시는 것 도 괜찮을 것 같습니다!
저는 오늘부터 3앰플법 도전해보려고해요
과연... 애프터는 어떨지
(조금의 변화라도 생기길...ㅋㅋㅋㅋㅋ)
올겨울 많이 춥다고 하니
또 조만간 막강하게 건조해질 시기가 올터이니
열심히 사용해봐야겠어요!
감기, 코로나, 독감... 등등
마스크 잘 쓰고 다니셔서 잔병치레 없는
따듯한 겨울 보내시길 바랍니다
오늘도 방문해주셔서 감사합니다!!
공감과 댓글은 사랑입니다♥"
"화장대에 스킨, 에센스가 똑 떨어짐 
화장품은 꼭 짠것 마냥 한꺼번에 다 떨어져요ㅎㅎ 
뭘사지 고민하다가 
화해 어플에서 자주 보였던 토리든 라인으로 결정!! 
순한 성분에 입소문을 탄 제품이라 믿고 구입해봄 •̀ᴗ•́ 
토리든 다이브인 저분자 히알루론산
스킨 부스터 & 세럼 
#화해뷰티어워드1위세럼 ♥
* Check list 
>> 5D 복합 히알루론산, 민감피부진정,
피부유수분밸런스, pH5.5 약산성, 
속보습임상실험 완료, 피부저자극테스트 완료 
속보습 개선에 탁월하다는 토리든 
또한 착한 성분으로도 익히 잘 알려진 브랜드에요 
저는 스킨 부스터와 세럼을 구입했어요 
올리브영 어플에서 세일할때 저렴하게 샀음  
스킨 부스터 후기 먼저 고고 
•᎑•۶
토리든 다이브인 저분자 히알루론산 스킨부스터 
깔끔한 화이트 & 스카이블루 패키지 
파스텔블루 색상이 인공 색상을 첨가한게 아닌 
순수 추출물의 색상임을 강조하는 토리든 
수분공급과 피부진정, 유수분 밸런스에 
초점을 맞춘 에센스형 스킨 
이미 화해어플에서 검증받은 토리든이지만 
그래도 다시 한번 꼼꼼히 전성분 확인해줬어요 :) 
기존에 패키지와 살짝 달라졌지만 
내용물은 동일한 스킨 부스터 
토리든은 토너가 더 유명하지만 
액상형인 토너보다는 살짝 더 점도가 있는 
에센스형 스킨부스터가 아무래도 보습에 좀 더 
도움을 주지 않을까 싶어서 스킨부스터로 구입했어요 
색상이 넘나 예쁜 토리든 ♥
부드러운 액상 제형 
손등에 닿자마자 흘러내림 
일반 스킨보다는 살짝 더 점도가 있는 편이에요 
거의 무향에 가까워서 호불호없이 사용 가능할 듯 
흡수시켜주고나니 은은하게 광이 돌면서 촉촉함 
피부에 부담없이 잘 스며들어요 
번들거리거나 기름끼지않고 스킨부스터만으로도 
건조함을 금세 잡아주는 느낌 
토리든 다이브인 저분자 히알루론산 세럼 
오랜기간 화해 어플 세럼 부분에서 
부동의 1위를 지키고 있는 토리든 세럼 
언제 한번 써봐야지 했는데 이제서야 구입함 ‘◡’ 
스킨 부스터와 거의 동일한 내용의 제품 설명 
세럼 또한 영롱한 스카이블루 색상 
용량이 좀 작아보이는 듯 하지만 
개인적으로는 가격대비 괜찮다고 생각함 
토리든은 착한 성분에 고보습 라인 제품치고 
가성비가 좋은 편인 것 같아요 
스포이드 형태로 간편하게 사용할 수 있음 
콧물 제형에 수분감이 가득 느껴지는 세럼 
확실히 스킨부스터보다는 더 점도있고 쫀득해요 
끈적임은 없지만 바르고 났을때 
피부에 한겹 보호막을 씌워주는 듯한 느낌 
어느 피부타입이나 부담없이 사용 할 수 있을 듯 
너무 가볍지도 무겁지도 않은 사용감과 마무리감 
토리든 제품 기대했던거보다 특별한 점은 없었지만 
피부에 자극없이 순하면서 보습감이 좋고 
가격 대비 괜찮은 기초라인이에요 
누구나 무난하게 실패하지않고 사용할 수 있을듯 •ᴗ• 
토리든 스킨부스터 & 세럼 내돈내산 리뷰였습니다 :) 
#토리든 #토리든에센스 #토리든세럼 #토리든시킨부스터 #화해세럼 #화해에센스 #화해스킨 #올리브영세럼 #올리브영에센스 #올리브영스킨 "
"오늘은 토리든 다이브인 저분자 히알루론산 세럼 리뷰에요!!
제가 엄청난 건성이라 앰플, 세럼류를 항상 바르는데 원래 사용하던 앰플이 리뉴얼 되고 성분이 바뀌었더라구요😭
그 앰플이 리뉴얼 되면서 저랑 안 맞는 성분이 들어가 버렸기 때문에 새로운 세럼을 샀어요 : )
토리든 다이브인 저분자 히알루론산 세럼은 화해 어워드에서 1위한 제품이고 성분도 착하길래 믿고 샀습니다💕
내돈내산 인증📸
토리든 다이브인 히알루론산 세럼
가격 : 22,000원
용량 : 50ml
먼저 제품 상자를 보면 제품에 대한 설명이 있어요
저분자 히알루론산이 들어가서 흡수력이 빠른 장점이 제일 마음에 들었어요💕
세럼 색을 보면 다른 세럼들과 달리 파스텔블루 색을 띄네요
다이브인 세럼에 들어간 말라카이트 추출물의 순수 색이 파스텔 블루 색이라 그렇다고 해요
색소를 넣지 않아서 피부에 더 좋을 것 같아요
바르기 전과 후
손등에 세럼을 발라봤는데 바른쪽과 안 바른쪽의 차이가 확실하죠??👍🏻
유분기는 없고 수분만 가득해서 끈적거리지 않아요
건성, 중성, 지성 다 잘 맞을 것 같아요
일주일정도 사용해봤는데 건성분들도 좋지만 지성분들한테 잘 맞을것 같아요
건성인 저한테는 토리든 다이브인 저분자 히알루론산 세럼만 바르기엔 건조하더라구요
건성피부라면 세럼을 바르고 크림까지 바르면 딱 좋은것같아요🥰
성분이 순해서 트러블도 없었고 진정효과도 있어서 다 사용하면 재구매 할 것 같아요😘"
"[내돈내산] 토리든 다이브인 저분자 히알루론산 세럼 50ml 솔직후기 
오늘은 토리든 다이브인 저분자 히알루론산 세럼 50ml
솔직 후기를 가져왔습니다.
제가 직접 돈 주고 산 제품이고 
저는 복합성피부 ( T존은 지성 , U존은 수부지) 
이기때문에 후기가
굉장히 ~ ! 
주관적이므로 
구매하실 땐 참고 부탁드려요 !
일단 가격은 공식홈페이지에는 할인해서 16500원 
으로 써있는데 , 올리브영에서 세일 하거나
화해앱, 여러 사이트에서 구매하실 수 있어서
가격은 좀 천차만별인거 같아요 
가격 비교해 보고 구매해주셔요 ♡´･ᴗ･`♡
저는 계속 구달 청귤세럼을 사용 했었는데
청귤 세럼은 기미나 잡티 있으신 분들이
사용하시면 좋지만 전 사실 여드름 피부라
기능이 맞지 않는 걸 써왔었어요
왜 계속 썼냐 생각하시는 분들 계실텐데
친구 집에 놀러갔다가 친구가 쓰는거 보고
써봤더니 냄새도 비타민냄새 처럼 상큼한
냄새나요 그리구
되게 촉촉하구 화장도 잘 먹어서
다른거 생각도 안하고 썼던 제품이거든요
(좀 생각없이 마음에 들면 기능도 안보고 막사는 편,,)
그러다가 이제 날씨가 더워지면서
유분기,속건조가 올라오면서바꿔야겠다 
마음먹고 뭘 쓰면 좋을까 고민했었어요
그러다가 화해 어플켜서 세럼1위가 뭔가
봤더니 딱 토리든 다이브인 세럼 이더라구요
후기도 보니까 나쁘지않고 무엇보다 
제 피부가 복합성(T존은 지성 U존은 수부지) 입니다
정말 답이 없는 피부랍니다
저는 수부지랑 복합성의 차이가
뭔지 몰랐는데 여러분들은 알고 계시나요?
복합성 피부 
피지의 분비량이 부위마다 다르게 생기기 때문에
가장 관리하기 힘든 피부타입으로 볼 수 있다.
피지의 분비가 많은 곳에 트러블이 많이 발생하듯이
모공이 크고 피부가 거칠어지며 눈주위와 입주변에
건조하고 당기는 듯한 현상이 가장 많습니다.
수부지 (수분부족형지성)
수분 부족형 지성피부로, 유분은 지성피부처럼
많이 올라오는데 수분감이 부족하여 속건조처럼
메마르기도 해서 건성으로 오해하기 쉬운 피부타입
이라네요 !
저처럼 섞여있는 경우도 있는거 같아요 😚
저는 이번에 속건조를 잡아보고 싶어서
토리든 다이브인 세럼을 구매했어요
속건조에 효과가 좋은 세럼이래요 
병이 너무 귀엽더라구요
스포이드 타입이어서
위생적으로 사용하실 수 있어요 !
전성분도 나와 있으니
참고해보세요 ♡´･ᴗ･`♡
여기서 부턴 제가 느낀
그대로를 적을게요 !
솔직 후기
제형은
 콧물제형이에요
엄청 물처럼 흐르는 제형도 아니고
꾸덕한 제형도 아닌
딱 콧물제형 !
좀 더러운가요 ,, ㅎㅎ 
그리고 색이 약간 푸른 빛을 띄는데
세럼 자체에 말라카이트 성분 때문에
푸른빛을 띈다고 해요
흡수력도 좋았어요
대신 !! 그냥 바르고 냅둔다기 보다는
여러번 두들겨서 흡수시켜 주시면 
더 잘 흡수되니까
여러번 두들겨 주세요 ❗️❗️
향은 
완전 무향이었어요
저는 화장품에서 향이 나는걸 참 ~!
좋아하는 사람이지만 뭐 향이 나서
별로 인  것 보다 아예 안나는게 훨씬 나아요
향 있는거 싫어하시는 분들은
무향이니까 픽 해두셨다가 
결제 하시면 되겠죠 !
심지어
성분도 착해요 ...
지성피부,건성피부,민감성피부 들과 관련
성분들도 모두 착해 ,,
높은 위험도를 가진 성분들이 하나도 없었어요
자세한건 화해 어플 참고해주세요 
성분에 예민 하신분들은 참고하시면 정말
도움 될 거 같아요 
사용감은
일단 제형이 콧물 제형이다보니
무거운 느낌보다는 가벼운 느낌이
훨씬 들죠 되게 가볍구 
여름에 사용하기 딱 좋은 세럼이에요
여름에 무거운 느낌 받으면 찝찝하시잖아요
유분기도 많이 안돌았어요 
저 처럼 기름기 많으신 분들은
더욱더 공감하실거라 생각해요 ㅜ ㅜ 
일단 구매하고 지금 5일째 쓰고 후기 남기는거라
아직까지 효과를 막 보고있다라고
얘기 할 순 없지만 전체적으로 바르는데
저는 코 밑쪽, 볼부분이 건조하거든요
그런데 
예전보다 세수하고 나와서 당기는 부분도 덜하고
확실히 속건조는 효과가 있어요
제가 요즘 코 밑부분이 너무 건조해서
간지러울 지경이거든요 빨개지고 ㅠㅠ 
그래서 아침 저녁으로 발라주고 있는데
저는 특별히 제 피부에 뭐가 나지 않는 이상
이 세럼을 계속해서 쓰지 않을 까 싶어요
더 자세한 후기는 
약 한달 뒤에
한달 사용후기로 다시 돌아올게요 
그럼 안-녕 !
한 달 조금 넘게 사용후기로 돌아왔습니다 ~ !
요 세럼 제가 사실은 꾸준히 매일매일 아침저녁으로 사용했다기 보다는
하루에 1번 사용할 때도 있었고 아침 저녁 2번 사용했었던 적도
있었습니다
이 점 참고해주세요 !
저는 여드름 흉터가 있는데 여드름 흉터가 많이 옅어졌다는
느낌은 사실 받지는 못했어요 ,,
아침 저녁으로 꾸준히 2번씩 매일 사용했으면 효과가 났으려나?
생각도 했지만 여드름 흉터를 옅어지게 하는 효과보다는
확실히, 속건조는 잡아주는 세럼입니다
제가 세수를 하고 나와서 바로 스킨케어를 바르지 않으면
 입 주변, 볼 부분이 서서히 건조해지기 시작하는데
한 달 넘게 사용한 결과,
건조해지지 않았어요 
피부가 되게 보들거리고 촉촉한 느낌을 많이 받았습니다
그래서 되게 놀라웠던거 같았어요
세럼 하나로 속건조를 잡아줄 수 있구나하는 생각이 들었습니다
한 2주차쯤 써갈 때 부터 효과가 나타나기 시작하더라구요 !
여드름 흉터보단 속건조 잡고 싶으신 분들은
토리든 다이브인 세럼 무난하게 사용 하실 수 있으세요
저는 요 제품쓰고 막 피부가 더 예민해진다던가
트러블이 더 나진 않았어요 !
나긴 났어도 얘 때문은 아니었답니다 
그럼 한 달간 사용후기 끝 !"
"요즘같이 찬바람도 많이 불고, 건조한 겨울에
저같이 속건조함을 잘 느끼는 피부는 보습이 아무리 해도 부족하죠ㅠㅠ
세안을 하고 나와 화장대로 걸어가는 그 잠깐 사이에도 피부 당김이 느껴질 정도니깐요
그래서 요즘 같은 시즌에는 세안직후 수분세럼을 한겹 채워준답니다.
제가 요즘 애용하는 '토리든 다이브인 저분자 히알루론산 세럼'을 소개해 드릴까 해요
토리든 다이브인 저분자 히알루론산 세럼 
50ml/18,000원
다이브인 세럼은 기본적으로 피부진정과 속보습 케어에 좋은 제품이에요!
저분자 히알루론산과 5D 복합 히알루론산이 빠른 수분충전으로 속보습을 채워줘요.
5D-복합 히알루론산이란 5가지의 단위의 히알루론산 분자는 각각 보습에 다른 역할을 한다고 해요. 
큰 분자는 피부 겉보습장막 형성과 수분유지를 해주며 작은 단위일수록 피부속까지 들어가 속보습을 유지해주죠.
뿐만 아니라 D-판테놀과 알란토인, 마데카소사이드를 포함하여 진정에 도움을 주죠.
D-판테놀은 자극받은 피부를 진정시키고, 수분을 결합시키는 성질이 있어 보습 유지기능을 향상시켜줍니다.
여러모로 속건조가 심한 저에게는 딱 맞춤이죠!
용기 뒷면에는 성분사실확인표가 있는데요, 17가지의 안좋은 화학성분들은 배제하여 만들었다고 합니다.
또한 속보습 인체적용시험과 피부 저자극 테스트도 완료했다고 해요.
보시다시시피 스포이드로 되어있어 적당량 덜어 사용하기 편하고요
투명한 파스텔 블루 색상인데요, 
다이브인 세럼이 말라카이트 추출물로 '말라카이트 추출물'의 순수색상이라고 해요.
향도 무향이라 깔끔하고 가볍게 바르기 좋아요!
이렇게 피부에 닿으면 물처럼 흐르는 제형으로 
굉장히 가벼워 끈적이지도 않고요,
빠르게 속까지 흡수되는 느낌이 들어요!
굉장히 촉촉촉촉하고 수분감이 풍부해요!!
한눈에 보기에도 가볍게 흡수되는 느낌이죠!
아무래도 겨울에는 스킨하나만으로는 부족한느낌이라 
이런 수분감이 응축된 하지만 가벼운 앰플제품이 필요한것같아요.
이 위에 건조한 바람에도 내 피부를 보호해줄 시카크림을 얻어주면 최강보습조합이에요.
더 건조하다면 여기에 오일을 한방울 떨어뜨려 같이 발라주는것도 좋을것같아요.
이번 겨울에는 다이브인 세럼과 함께 촉촉한 겨울 보내보아요^^
토리든 다이브인 세럼, 겨울 앰플,세럼으로 추천합니다!!!
*내돈내산 리뷰입니다!*"
"대용량 토리든 저분자 히알루론산 세럼 솔직후기
요즘 피부가 너무 건조해지고 봄이되면서 더 뭔가 속건조가 시작되서 알아보던중에 히알루론산이 들어간 화장품이 좋다고 이야기를 듣게 되었습니다 
열심히 찾다가 토리든 저분자 히알루론산 세럼이 좋다고 하여 구매 해서 써본 후기를 남기려 합니다 
 속건조 잡아주는 토리든 다이브인 저분자 히알루론산 세럼 솔직후기
대용량 토리든 저분자 히알루론산 세럼 솔직후기
히알루론산이란?
진피층에 존재하는 자연 보습인자로 수분을 끌어당겨 촉촉한 피부를 유지해주고 콜라겐과 엘라스틴 사이를 채워 피부 탄력을 유지하는데 도움을 준다고 합니다 
나이가 들수록 피부속 히알루론산이 감소하기 때문에 촉촉하고 건강한 피부를 위해서는 보충해 주는게 가장 좋다고 합니다 
히알루론산은 분자 구조에 따라서 고분자 , 중분자 , 저분자 , 초저분자 이렇게 나뉜다고 하는데요
분자의 크기가 클수록 수분 보유력이 뛰어나지만 흡수력이 떨어지게 되니 피부 안쪽에 속건조가 있는 분들이라면 흡수력이 강한 저분자를 사용하는 것이 피부에는 더 도움이 된다고 합니다 
대용량 토리든 저분자 히알루론산 세럼 솔직후기
토리든 다이브인 히알루론산 세럼 구성 
기초로 스킨을 바르고 세럼 사용하면 좋다고 하며 그이후에 크림이나 로션을 발라주면 된다고 합니다 
일반 올리브영이나 랄라블라에서도 구매 할수 있는걸로 아는데 거기선 보통 50ml 로만 판매 하는데 화해어플에서는 대용량도 판매중이라 구매했습니다 
대용량 토리든 저분자 히알루론산 세럼 솔직후기
특별 구성으로 마스크팩 3장과 세라마이드 크림 샘플까지 같이 보내주더라구요 
대용량이지만 2개 산 가격보다 저렴한 가격에 구매 할수 있어서 좋아요 
26800원에 포인트까지 사용해서 더 싸게 구매 했습니다 
대용량 토리든 저분자 히알루론산 세럼 솔직후기
토리든 다이브인 히알루론산 세럼 총평
대용량 토리든 저분자 히알루론산 세럼 솔직후기
디이브인 저분자 히알루론산 세럼은 끈적임 없는 묽은 제형이더라구요 
스포이드 방식이라 위생적으로 덜어서 피부에 사용가능하고 톡톡 두드려주면 빨리 흡수 되면서 피부가 촉촉 해지더라구요 
촉촉하고 산뜻하게 마무리 되서 끈적임 싫어하시는 분들이 사용해도 좋을꺼같습니다 
사용해보면 세럼 발라주고 안발라주고의 차이가 좀 있더라구요 
세럼을 바르고 로션이나 크림을 바르면 수분감이 확실히 달라서 좋아요 
가격도 세럼 치고는 나쁘지 않아서 다른 대체제가 나오지 않는 이상 계속 사용할꺼같아요 
수부지나 속건조가 있으신분들은 한번 사용해보시길 강추합니다 
<토리든 공식 홈페이지>
토리든
나를 위한 피부 길잡이, 토리든은 최상의 원료와 최적의 배합을 통해 좋은 제품을 제시합니다.
www.torriden.com
이상 내돈내산 토리든 저분자 히알루론산 세럼 후기였습니다 
<다른 후기도 참조하세요 >
https://blog.naver.com/youngnoble65/222244878716
[러쉬]1년에 한번 2021 프레쉬세일 날짜 러쉬제품 추천(트와일라잇,빅,더티)내돈내산
러쉬를 예전 부터 사용했었는데 가격이 용량에 비해서 비싸서 다양한 제품을 살 엄두가 안났는데 1년에...
blog.naver.com"
"토리든 히알루론산 세럼
환절기라 그런지 요즘 얼굴이 말이 아니다
잔뜩 화난 내 피부ㅋㅋㅋㅋㅋㅋㅋㅋㅋ
도통 가라앉지를 않아서 슬프던 차 ㅜㅜ
쓰던 화장품을 바꿔보자 싶어서
화해에서 에센스 랭킹을 보고 고른
토리든 다이브인 저분자 히알루론산 세럼 !!
토리든은 처음 들어보는 브랜드이긴 한데
믿고보는 화해 어플이니깐 믿고 구매했다ㅋㅋㅋ
무려 1등!! 게다가 저렴한 가격 히히히
성분도 안좋은 성분은 1도 안들어있어가지고
평소에는 성분같은거 잘 안따지긴 하지만
요즘 초초초초 예민한 내 피부에 딱 맞을듯!!
구매하려고 찾아보니까 속건조에 직빵이라고
꽤나 유명한 제품이었다ㅋㅋㅋㅋ
3초 수분세럼이라고 쓰여 있뜸 ><
유수분 밸런스를 잡아주고 막 성분착하고 막!!
히알루론산이 듬뿍 들었다고 하니 기대하면서 개봉!!
박스 글씨는 클릭하면 보임!!
대용량도 있었는데 나는 적은 용량인 대신
1+1로 두개 구매하게 되었다 ㅋㅋㅋㅋ
아무래도 대용량보다는 작은거 두개 사용하는게
청결하기도 하고 유통기한도 있고 하니께 히히
에센스 타입중에 제일 좋아라하는
스포이드 타입으로 되어있어서
깔끔하게 사용할 수 있었다
한번 쭉 빨아들인 양으로 양쪽 뺨과 이마에
나눠서 방울방울 해주고 챱챱 마사지해준당
점성은 적은 편인데 약간 묽은 콧물제형이라 해야되나
흡수력은 엄청 좋은 편이었다
유분감은 전혀 없이 깨끗한 느낌!!
향은 무향이라서 오히려 더 좋았다
피부에 자극이 안되는 느낌적 느낌쓰~~
빠르게 흡수되어서 끈적임이 없다
무겁지 않아서 여름에 더 좋을 것 같고
지금 계절에는 수분크림 한번 더 발라준당
이거 사진찍을때가 이미 이만큼 남아있었고
지금은 절반 이상 사용했다 ㅋㅋㅋㅋㅋ
스킨케어 단계에 추가하고 나니까
확실히 건조함이 덜해지긴 했다
그리고 이것때문인지 알로에젤때문인진 모르겠지만
성난 여드름 짜고나서 바르고 자고 일어나면
차분하게 가라앉아있는 효과가 뙇! ㅋㅋㅋㅋ
그치만 아무래도 세럼이다 보니까 이것만 바르기엔
아무리 속건조를 잡아준다고 한들 건조함!
수분크림 필수필수!!
화장품끼리 안맞는 성분인 경우도 있다고 해서
알아봤는데 히알루론산은 비타민이랑 잘 어울린다함!
그래서 수분크림은 비타민 함유된 것으로 샀다
수분크림 리뷰는 곧 할 예정 ㅋㅋㅋㅋㅋㅋㅋ
요거는 쿠팡 링크 ↓↓↓↓↓
[TORRIDEN] 토리든 다이브인 저분자 히알루론산 세럼 50ml
COUPANG
coupa.ng
겨울맞이 에센스 필요하신 분들
착한 가격에 착한 성분 토리든 히알루론산
추천추천임둥
꾸럼2만 ㅋㅋㅋㅋㅋㅋ"
"제 사랑 로벡틴에서
뭔가 변화를 주고 싶었어요~ 겨울이니~까~
그래도 성분만큼은 순한녀석으로
골라봤습니다
당근빠따! 내돈내산!!!!!
한달간 사용해봤고, 건조함 잡는데는 좋았던 제품이였음
겨울이라 좀 속건조도 잡아줄겸
속건조에 114%나 개선된다고 하니..
믿어보는 수 밖에
박스 넘 기염뽀짝
이미 화해어플에서도
순둥이 성분이라서 그런지
세럼 1위로 유명하더라고요
왼쪽이 토리든 다이브인 저분자 히알루론산 토너 40ml
요놈이 서비스로 딸려왔구요
오른쪽이 토리든 다이브인 저분자 히알루론산 세럼 50ml
병이 참 예뻐요
안에 내용물은 투명한거같은데 푸른빛이 돌아서
넘나 영롱해요
병은 유리병인줄 알았는데
플라스틱이더라구요?
음..
좀 장단점이 있는데
스포이드부분이나 병이나.. 확실히
유리병인 로벡틴보다는 퀄리티가 많이 떨어짐
그대신 훨씬 가볍고 떨어져도 안심이에여
ㅋㅋㅋㅋㅋ확실히
뚜껑이 통으로 플라스틱이라 
퀄이 넘 떨어짐
약산성에다가 속보습에 아주 좋다고 해요
저같은 민감성, 트러블성, 건성 지복합성...
다 있는 쪼랩은
믿고 씁니다
푸른빛을 띄어서 넘 예뻐
세럼주제에...
자 발라 봅시다!
왼쪽 - 토리든 다이브인 저분자 히알루론산 세럼 / 오른쪽 - 로벡틴 아쿠아 액티베이팅 세럼
제형은 
제가 사랑하는 로벡틴 아쿠아 액티베이팅 세럼이랑 비교하면
토리든이 훨씬 묽어요
로벡틴은 젤타입에 가깝다면 토리든은 흐르는 제형
약~~간의 콧물제형
끈적임은 전~혀 없어서 좋았고(엄청 중요)
흡수도 빨라요 > 그러다보니 겉에 보습막
한 겹 더 발라주는걸 추천
바로 흐릅니다
그래서 얼굴에 발랐을때 수분감이 좋았고
2번정도 덧발라주니 건조하지 않았어요
속건조 잡는데는 확실히 좋은듯
저는 요즘 세수하자마자 토리든 2스포이드 정도
챱챱챱 해줍니다
그러고 나서 보습제품을 얇게 땋땋
끈적이지도 않고, 건조함까지 잘 잡아주니까
겨울철 수분세럼으로 추천하는 제품이에요!"
"안녕하세요 새로운 화장품으로 돌아왔습니다 :)
예~전에 앰플은 한 두번 사용해본 적 있었으나
세럼은 처음 사용해봤습니다.
수부지 + 여름기간 동안
하루에 기름종이를 몇 장 쓴지 모를정도로
많은 피지분비가 발생했습니다...
유수분 밸런스를 맞춰주라는 얘기를
많은 뷰티유튜버 분들이 해주셔서
속건조를 잡고자 구매해보았습니다.
그 제품은 바로바로!!
'토리든'의 다이브인 저분자 히알루론산 세럼입니다.
토리든이라는 브랜드는 '화해'라는 어플에서 처음 들어봤어요
여드름, 수부지 분들한테 인기가 엄청 많아서
성분과 평을 꼼꼼히 읽어보고 구매했습니다.
착한 성분을 아주 강력히 어필하네요 ㅎㅎ
대표적인 특징으론 
속보습 개선
피부 진정-장벽 강화
약산성 제품
저분자 히알루론산
D-판테놀(비타민 B5)
반대편엔 성분들이 자세히 나와있어요
제품명: 다이브인 저분자 히알루론산 세럼
가격: 18,000원
용량: 50ML
제형: 묽지도 끈적이지도 않는 중간
사용법: 스킨 사용 후 얼굴에 도포
주의 성분: 없음
팩트체크까지 엄청난 자부심...
저분자 히알루론산과, D-판테놀을 통한
진정과 속보습 효과를 굉장히 강조하네요
에메랄드 빛으로 보이지만 막상 보면
그냥 투명한 색이에요
스포이드를 사용하면 됩니다.
토리든다이브인저분자히알루론산세럼
재생 수
1
00:00 | 00:16
화질 선택 옵션
자동

접기/펴기
토리든다이브인저분자히알루론산세럼
2주 사용 솔직 후기를 말씀드릴게요
확실히 피지 분비가 줄어들었어요
하루에 기름종이를 4장정도 사용했는데
지금은 2장정도 사용해요.
유수분 밸런스 균형에
눈에 띄는 효과가 있었습니다.
화농성 여드름도 줄어들었구요.
다쓰고 또 구매할 의향있습니다:)
이상 내돈내산 두번째 후기였습니다!"
"건성피부, 좁쌀여드름 고민
토리든
다이브인 세럼
루나로즈에요 *_*
날씨가 점점 추워지면서 피부에 수분공급이 시급!
건성피부에 각질도 올라오고 좁쌀도 스멀스멀~
 피부고민이 깊어지는 시기가 왔네요ㅠㅠ 
그러나,,
요즘에 수분이 부족한 건성인 제 얼굴에
 촉촉함을 주는 화장품을 만났지 뭐에요ㅎㅎ
'토리든 다이브인 저분자 히알루론산 세럼' 
다이브인 스페셜 세트
토리든 브랜드는 비교적 최근에 만들어졌는데,
유투브나 다른 인터넷 광고에 많이 나오더라고요
히알루론산이 제 피부와 찰떡궁합이라
써봤는데 정말 매마른 피부에 즉각적 수분공급으로 요즘같은 건조하고
 추운 날씨에 수분팡팡 채워주네요
요즘 제가 사용하고 있는 수분앰플, 
토리든 다이브인 저분자 히알루론산 세럼!
화해어플 둘러보다가 스페셜 가격으로
 행사를 하고 있어서 냉큼 구매했습니다:)
피부에 수분공급이 시급했던
 저는 유레카를 외쳤습니다!
 세일할 때 사면 짜릿하죠?
그동안 뷰티유투버들이나 뷰티앱에서
좋다고 소개가 많이 되서 궁금했었는데
실제로 요즘 사용해보니 좋더라고요!
피부속건조를 확 잡아주면서 
피부장벽 깊숙한 곳부터 수분을
꽉꽉 채워주는 기분이에요
뷰티앱 화해어워드 2019년부터 2020년도까지
2년 연속 1위를 차지한 토리든 다이브인 세럼!
이렇게 상 받았다고 하면 
더 궁금해지는 사람?
저 뿐만 인가요? ㅎㅎ
다이브인 세럼 100ml 대용량
+
토너 60ml
+
크림20ml
토리든 다이브인 세럼 대용량 
100ml를 구매했더니,
스페셜 기획세트라서 
미니크림과 토너가 동봉됐어요
'토리든 다이브인 저분자 히알루론산 토너'
'토리든 다이브인 저분자 히알루론산 크림'
샘플로 히알루론산 크림을 써보니 너무 좋아서
내돈내산으로 구매를 해버렸습니다ㅎㅎ
조만간 자세한 리뷰 남길게요!
토리든 다이브인 저분자 히알루론산 세럼
토리든 다이브인 세럼을 구매할 때
마냥 흘러내리는 물 같은 
제형은아닐까 고민되더라고요
제 피부가 많이 민감성이라서 오일성분이 강한
제품은 좁쌀여드름을 유발해서 못 바르지만
또 너무 묽은 제형은 탄력을 못 받쳐줘서ㅠ
오일성분이 강하지 않으면서 쫀득한 콧물제형의 
앰플을 선호하는데 과연 다이브인 세럼은?
유리병 용기가 아닌
 플라스틱 용기에 담겨있어요
용기자체는 상당히 심플하죠? 
플라스틱 용기에 세럼이 들어있고 
상세설명은 흰색 띠로 둘러져서 
용기 표면에 붙어있어요
요즘에는 화장품 성분도 자세히 보는데요,
피부에 유해한 성분들이 들어가지 않았어요!
요즘 화장품 성분공부를 하고 있는데,
확실히 순하게 잘 만들어진 제품같아요
토리든 다이브인 세럼의 주요성분은,
히알루론산과 판테놀이에요
히알루론산은,
피부의 속건조를 잡아주면서
즉각적으로 수분공급을 도와줘요
저같이 수분이 부족한 피부에 딱 맞아요
저는 히알루론산 성분이 자극도 없고
속건조를 확 잡아주면서 
수분공급이 잘 되더라고요
판테놀은,
피부진정을 도와주고 보습유지를 도와줘요
민감성인 제 피부에 피부진정은 정말 필요한데
수분까지 날라가지 않게 보습도 도와주니 찰떡!
유통기한은 2022년 8월까지로 넉넉!
이번 여름부터 지금까지 
잘 써오고 있는 토리든 삼총사!
다이브인세럼 바르고 
알로에겔 바르면 수분폭탄이에요:)
토리든 다이브인 세럼은 스포이드형 용기에요
확실히 위생상 스포이드형 제품을 선호하는데
외부접촉이 확실히 줄어들어서 쓸 때 깨끗해요
콧물타입의 제형이기 때문에 
물처럼 쭉- 흘러내리지 않아요
피부에 촉촉하고 쫀쫀하게 스며들어요
약간 피부를 쫙 잡아주는 느낌도 듭니다!
이 친구 정말 매력적일세?
요즘 3스킨을 넘어 5스킨까지 
세럼으로 계속 속부터
꾹꾹 수분을 채워주는 중이라 
금방금방 줄어들어요
그래도 100ml 대용량으로 구매를 해서 아직 
한 달은 더 사용할 수 있을 것 같아 안심ㅎㅎ
처음에 보고 용기가 파란색인지
 새럼이 파란색인지 구분이 안가더라고요
저는 무향과 무색소 제품을 선호하는데
무향은 맞는데 색소가 들어간 것인가?
약간 파란 색감이 보이시죠?
알고보니 주요성분 중 하나인 
말라카이트 추출물 때문이었어요
말라카이트 추출물의 순수색상이 블루색이래요
자 그럼,
피부테스트를 해볼까요?
고!
세안 후 바로 토리든 다이브인 세럼을 발라줘요
저는 토너는 따로 바르지 않고
 세럼을 스킨케어 첫 단계에 발라줍니다
콧물제형이 피부에 쫙 달라붙어있어요
확실히 너무 묽은 제형과는 달리 쫀쫀함이 있죠?
피부에 잘 스며들게 톡톡 흡수시켜줘요
입자가 너무 꾸떡하지 않기때문에
두 세번만 두드려주면 부드럽게 흡수되요
저는 한 번만 바르고 마는 것이 아니라
피부가 수분이 많이 부족할 때는 
3번 정도 레이어링을 더 해줘요:)
수분아 차올라라~!!
레이어링을 3번 정도 해도 두꺼움 없이
 속건조부터 확 잡아주며 수분케어가 가능해졌어요!
토리든다이브인세럼
재생 수
2
1
00:00 | 00:51
화질 선택 옵션
자동

접기/펴기
토리든다이브인세럼
토리든수분앰플
재생 수
3
1
00:00 | 00:17
화질 선택 옵션
자동

접기/펴기
토리든수분앰플
겨울철 건성이신분들은 
특히 수분관리가 중요하죠?
물도 많이 마시고 체온관리도 중요하지만 
매마른 피부에 수분을 채워주는 보습케어도 빼먹지 맙시다❤"
"토리든 다이브인 세럼 속건조에 최고
겨울은 정말 피부관리하기 너무 힘든 계절인 것 같아요.
특히 요즘은 엄청 추워졌다가 갑자기 기온이 확 올라갔다가, 환절기 아닌 환절기 같은 느낌이 드는데요.
그러면서 덩달아 피부도 같이 건조해지고 민감해지는 느낌이 들더라고요...
이렇게 피부가 건조하고 예민한 느낌이 들 때는 역시 속건조 잡아주는 수분세럼이 가장 효과가 직빵인거 같아요.
한 겹, 두 겹, 수분앰플로 피부 깊숙하게 수분감을 충전시켜주면 그나마 피부가 진정이 되는 것 같더라고요.
기존에 사용하던 수분세럼이 똑 떨어져서 새로운 수분세럼을 찾아보았는데요,
꼼꼼하게 후기들을 찾아보고 선택한 그 제품은 바로 토리든 다이브인 저분자 히알루론산 세럼 :)
매끈 촉촉하게 수분을 꽉 채워주는 그 사용감이 취향저격이라 요즘 이걸로 속건조를 잡고 있어요.
토리든 다이브인 저분자
히알루론산 세럼 / 50ml
화해뷰티 어워드 2년 연속 1위라고 아주 큼지막하게 패키지에 붙어있는 토리든 다이브인 세럼,
촉촉하게 피부 속 수분을 꽉 채워주는 제품으로 토리든 다이브인 저분자 히알루론산 라인이 전부 인기가 많더라고요.
그 중 제가 픽한 토리든 다이브인 세럼은 깊은 보습감과 수분을 피부에 빠르게 공급해 속당김을 케어하는 수분충전 세럼이에요.
속보습 개선율 14.94%로 피부 속 깊이 수분을 전해주고 또 유지할 수 있게 도와주어, 더욱 건강하고 빛나는 피부로 가꿔준다고 해요.
토리든 다이브인 저분자 히알루론산 세럼
속부터 채워주는 수분폭탄 히알루론산!
고분자, 중분자, 저분자 히알루론산 각각의 장점을 더하여 만든 다이브인 저분자 히알루론산 세럼은
5D 복합 히알루론산의 깊은 보습감과 D-판테놀의 피부 진정성분으로 속보습 개선은 물론 외부자극으로부터 예민해진
피부에 보습기능을 강화시켜줄 수 있어 피부 진정까지 도움을 줄 수 있다고 해요.
4주 속보습 개선 임상 시험과 피부 저자극 테스트는 이미 완료한 제품으로
성분을 꼼꼼하게 체크하는 화해앱 에센스 / 세럼 / 앰플 카테고리에서 1위를 차지하고 있는 세럼이랍니다 :) 
아주 청량한 푸른빛을 띄는 토리든 다이브인 저분자 히알루론산 세럼,
요 색상은 인공색소가 첨가된 것이 아닌, 다이브인 세럼 내 말라카이트 추출물의 순수한 원료 색상이라고 해요.
토리든 다이브인 세럼
토리든 다이브인 세럼은 스포이드 타입으로 되어 있어 피부에 곧바로 올려주기 편해요.
파스텔블루 컬러의 세럼이 이렇게 스포이드로 뽑아내니 거의 투명한 컬러로 보이네요.
세럼에서 특별한 향은 느껴지지 않은데,
파스텔톤 색감 때문인지 사용하면서 시원한 청량함이 느껴져는 것 같아요 :)
토리든 다이브인 세럼은 촉촉함이 느껴지는 산뜻한 워터젤 제형으로 물보다는 콧물제형에 가까워요.
슥슥 펴바르면 피부에 빠르게 흡수되는데요, 얼핏 봤을 때는 가벼워 보이지만 막상 펴 발라보면 깊은 보습감이 느껴지는 세럼이에요.
또 끈적임 없이 피부에 쏘옥 흡수되는 그 마무리감이 무척 마음에 들더라고요.
스포이드로 원하는 부위에 톡 떨어트려 주면, 촉촉하고 빠르게 피부에 스며들어 깊은 수분충전으로 해주는데요.
겉은 끈적이지 않게 마무리 되면서도, 정말 속부터 차오르는 수분감으로 피부가 쫀쫀해지는 느낌이에요.
건조한 요즘 같은 날씨에는 한 겹, 두 겹 더 덧발라 줘도 피부가 쏙쏙 흡수해서 촉촉하고 산뜻하게 마무리되는데요,
수부지인 저에게 정말 딱 맞는 수분세럼이더라고요 ♥
  토리든 다이브인 세럼을 흡수시켜주니 피부에 윤광이 도는게 보이시죠!
속부터 촉촉하게 수분감과 보습감을 채워주고, 또 이 촉촉함이 오래 유지되서 더 마음에 드는 제품이에요 ♥
수부지 피부는 겨울에 수분관리 안해주면 유수분밸런스가 안맞아서 유분기가 더 많이 올라오면서 속건조가 더 심해지잖아요.
토리든 다이브인 저분자 히알루론산 세럼은 속당김없이 묵직한 보습감을 채워줘서 속건조는 잡아주고 피부 컨디션을 올려줘요.
수부지에게 중요한 수분감은 깊이 또 오래 채워주면서, 산뜻한 마무리감으로 매일매일 사용하게 되는 수분세럼,
아침 저녁으로 넉넉하게 사용하다보니 다음에는 대용량으로 구매하는게 좋을 것 같다는 생각이 드네요 :) 
  화해앱 1위 수분세럼인 토리든 다이브인 세럼, 정말 1위인 이유가 있더라고요.
추운 겨울 찬바람으로 예민해진 피부, 토리든 세럼으로 속건조 없이 촉촉하게 수분충전 해요 !"
"      모낭염과 여드름 자가관리 ::
     13주차
   여드름 세럼
세럼  Torriden Serum
토리든 다이브인 저분자 히알루론산 세럼
안녕하세요 88엉클입니다 : ) 
지난주에 포스팅했던 12주차 수부지형 여드름 앰플 반응이 꽤나 괜찮았는데요. 그 이유는 그만큼 수부지형 여드름 피부인 분들이 저처럼 고생하고 계시기 때문이라 생각해요. 그래서 앰플 전에 발라주고 있는 제품이자 실제로 지금 2통째 쓰고 있고, 3통 추가 구매를 해서 쓰고 있는 세럼 후기를 써보려고 합니다.
토리든 다이브인 저분자 히알루론산 세럼
여드름 피부용 세럼 추천,
토리든 세럼
구매한 제품의 정식 명칭은 토리든 다이브인 저분자 히알루론산 세럼(50ml)이고, 정식 가격은 개당 22,000원으로 제 기준 꽤나 비싼 세럼에 속해요. 열심히 최저가 검색해서 배송비 무료인 점 감안하고 가장 실속있게 샀던 곳은 마켓컬리였어요! 식재료 새벽배송으로 유명한 마켓컬리에서 화장품을 판매한다는게 좀 의아했는데 판매 영역을 확대하고 있는 것 같아요.
입점 기념 할인으로 3개에 39,600원(무료배송)에 구매했으니까 1개당 13,200원 가장 저렴한 편입니다 : )
1) 주성분
- 저분자 히알루론산, 5D 복합 히알루론산
· 고분자 : 피부 겉 수분 보호막 형성
· 중분자 : 피부 속 수분보충
· 저분자 : 깊은 수분 전달 및 탄력 보충
※ 히알루론산이란?
아미노산과 우론산으로 이루어지는 복잡한 다당류의 하나로, 자신의 무게에 300~1000배에 해당하는 수분을 함유할 수 있어서 보습작용이 뛰어남
(출처 : 네이버지식백과) 
2) 제형
- 투명한 하늘색상
- 약간 점성이 있지만 끈적거리지 않는 텍스쳐
3) 특징
- 기존 쓰고 있는 앰플들보다 흡수력이 더 뛰어나고,
- 여름에는 스킨 후 단일제품으로도 충분한 정도의 보습력
- 속보습에 중점을 둔 제품으로 수부지형 피부에 제격!
- 스킨 또는 토너로 정리 후에 세럼을 바르고 앰플 바르시면 돼요 : )
12주차 (왼쪽)   13주차 (오른쪽)
12주차 (왼쪽)   13주차 (오른쪽)
13주차 자가관리후기
12주차에 비해서 조금은 진정된 느낌이고, 대신에 염증성이 얼굴에 만져지는게 몇개 있습니다. 미노씬은 지난주부터 꾸준히 먹고 있지만 효과가 눈에 띄게 나타나진 않네요. 그래도 처방받은 약이 아직 남아있어서 다음주정도까지는 계속 먹으면서 염증을 가라앉혀 보려고 합니다.  다음주까지 먹으면서 피부 상태를 보고 피지억제제 복용에 대해서 고민해볼 생각이에요.
이번에 소개해드린 토리든 다이브인 저분자 하일루론산 세럼은 만족도가 높은 제품인데요. 화해어플에서 여드름 모든 제품 라인업 중 당당하게 1위를 굳건히 지키고 있는 이유가 있는 것 같아요. 안좋은 성분이 없다보니까 모든 피부타입에 적합한 편이고,  발림성도 훌륭하고, 확실히 바르고 안바르고 차이가 조금 크게 느껴지는 제품이에요. 그러다보니까 가격이 좀 비싸보여도 계속 사용하게 되는 것 같습니다. 근데 용량이 50ml인걸 감안하면 15,000원대에 구매하는게 시드물에 비에해서는 합리적인 가격대로 느껴지기도 합니다.
저처럼 속은 건조하고 겉은 유분기가 폭발하는 피부타입에 정말 좋은 제품, 내돈내산으로 구매하면서 자신있게 추천드리는 제품이라 꼭 한번 써보셨으면 좋겠습니다. 이상 88엉클이었습니다 : D"
"안녕하세요 그레이스예요 :)
저는 T존은 유분이 있고
U존은 엄청 건조해요
지난 번 잘못된 각질 제거로 인해
피부장벽이 무너져 속당김이 심했거든요
유분기가 있는걸 사용하면
얼굴에 트러블이 나기때문에
산뜻한 제품을 주로 사용하는데
저에 속당김을 잠재워준 3가지 제품중 하나인
토리튼 다이브인 세럼에 대해
3개월간 사용한 후기를 남겨볼까해요
내돈내산 폿팅입니다 ㅎㅎ
히알루론산 원액을 찾아보다가
알게 된 다이브인 세럼!
착한 성분 화장품을 찾으려면
역시나 화해어플이쥬 
유해성분 단 1도 없음ㅎㅎ
향료도 없다니 착해요 
토리든 다이브인 저분자 히알루론산 세럼
투명한 용기에 투명한 액체처럼
스포이드병에 담겨있어요
세럼 병 자체에도 유해한 성분들은
들어있지 않다고 표시되어 있어요
저분자는 뭐고 
고분자는 무엇인가?
히알루론산은 우리피부속에 수분을
함유하고 있는 성분인데
이 히알루론산 분자 자체가 보습력이 
좋을 수록 흡수력이 떨어지기 때문에
 흡수력을  높이기 위해 저분자 형태로
만들어 준 거에요
그렇다고해서 저분자만 들어있으면
보습력이 떨어 질 수 있으니
고분자와 중분자까지~
혼합배합으로 피부보습 컨디션을 끌어올려 준다네요
넘나 좋은거 아님?ㅋㅋㅋ
스포이드를 눌러주면
이렇게 묽은 제형을 확인 할 수 있어요
물처럼 쪼르르 떨어짐
100명 중 97명이 만족했다는
다이브인 세럼
저도 순하다고 생각했고
흡수력도 좋았고 속당김도 해결해 주는
 느낌을 받았어요 ~
속당김으로 인한 열감이나 불쾌감을
진정시켜주기도 했구요
너무 맘에 들어유..ㅎㅎ
토리든 다이브인 세럼에 함유 되어 있는
D-판테놀에 대한 설명이 적혀있어요
피부를 진정시켜주고 수분을 결합시켜주는 성질로
피부보습력을 향상시켜준데요
흡수력 ★★★★☆
보습력 ★★★★☆
(주관적인 생각입니다 ㅎㅎ)
흡수가 잘 되기 때문에 끈적임이 없어서
사용 후 산뜻함이 너무 좋았어요
유분기 도는건 넘나 극혐!
속당김도 어느정도 잡아줘서 좋았구요
요 토리든 다이브인 
 히알루론산 세럼은
착한 성분에 가격부담없이 산뜻하게
발라주기 좋은 제품이에요
많이 건조할 경우 지나번 구매한
호호바오일 한두방울을 섞어
발라주면 더 촉촉해져요:)
토리든 다이브인 세럼
건조하신 분들께 추천해요~"
"안녕하세요. 뵤뵤입니다 : )
습하고 더운 여름에도, 건조하고 추운 겨울에도 영원히 고통받는
수부지 + 민감성은 고개를 들어주세요 (갑분 마피아게임)
속건조 잡아주는 데에 진짜 괜찮고, 데일리로 쓰기 부담 없는 수분세럼 후기 남겨보려고 해요
내돈내산 인증부터 할게요..★
작년에는 화해 앱에서 계속 구매했고, 올해부터는 올리브영 할인행사할 때 구매하고 있어요!
구매 계기는, 작년부터 속건조가 너무 심해져서
1개(1회 사용)에 7,000원 꼴로 12개씩 든 고농축 앰플도 써봤어요 ㅠ_ㅠ
처음 쓰는 2주 정도 바짝 좋아지긴 하더라고요 (비싼 게 좋긴 좋아)
하지만 가격대가 너무 비싸서 매일매일 쓰기에는 너무나 부담.. <- 중요한 d-day 전에만 쓰는 중
그래서 아침저녁 데일리로 쓸만하고, 수분 충전 확실한 기초템을 찾다가 이 아이로 정착하게 됐어요!
여기서 잠깐 깨알지식 < 세럼 & 앰플 차이 >
앰플과 세럼은 스킨 · 토너 · 에센스보다는 점도가 높은 화장품으로, 피부를 촉촉이 가꿔주는 역할을 해요.
사실 동일한 제품군의 화장품이라고 봐도 무방하지만(?) 농도에 따라 약간의 차이가 있습니다.
농도가 짙은 순으로 앰플 > 세럼 > 에센스 라고 생각하시면 되는데
농도가 짙으면 짙을수록 성분이 많이 농축돼있어서 소량만 발라도 효과가 있어요.
화해 앱에서 성분 캡쳐해왔어요
언젠가부터 기초화장품 살 때, 화해에서 성분 보고 사는 거 필수코스 ㅎ_ㅎ
토리든 다이브인 저분자 히알루론산 세럼은
20가지 주의성분 0개, 알레르기 유발 주의성분 0개이고,
지성 · 건성 · 민감성 모두에게 유해 성분이 없어서 만족 + 안심  <- 광고아님
토리든 다이브인 저분자 히알루론산 세럼 50ml, 100ml
할인할 때, 사은품 추가 증정 행사할 때마다 사서 넉넉하게 쟁여놓고 쓰고 있습니다 ㅎ_ㅎ
토리든 다이브인 세럼은 내용물이 예쁜 하늘색 빛깔이에요
색소가 들어갔을까 의심될 수도 있지만 '말라카이트 추출물'의 순수 색상이라고 하네요
말라카이트가 뭔지 1도 모르겠지만.. 탄력 + 생기에 도움을 준대요!
사실 용기 안에 들어있을 땐 하늘색으로 보이는데, 피부에 올리고 나면 그냥 투명함 ㅎ_ㅎ
저분자 히알루론산 세럼의 기능이 적혀있는데, 여기에 대해 코멘트를 달아보자면..
▶ 피부 속까지 수분을 빠르게 공급해 준다 -> 인정O 바르는 즉시 확실히 속건조가 잡힘
▶ 민감한 피부를 진정시켜주는 속보습 수분세럼이다 -> 피부진정은 크게 느끼지 못했지만, 민감성이 발라도 트러블은 안남
저는 세안 후 -> 토너로 닦아내기 -> 다이브인 세럼 -> 이후 기초화장품들 순으로 사용하는데
세안 후 급속도로 건조해진 피부에 정말 빠르게 수분 보충이 돼요
그리고 제일 마음에 드는 점은, 약산성이고 성분이 순해서
겨울철에 많이 건조할 땐 2번씩 레이어링해서 발랐는데도 트러블이 안 났어요
토리든 다이브인 저분자 히알루론산 세럼 내돈내산 후기
재생 수
11
2
00:00 | 00:11
화질 선택 옵션
자동

접기/펴기
토리든 다이브인 저분자 히알루론산 세럼 내돈내산 후기
제형은 완전 묽은 콧물 제형이고, 한 방울 똑 떨어뜨리면 흘러내리는 정도!
이렇다 보니 발림성도 부드럽고 쉽게 잘 펴발려요
저렇게 물광 나듯 펴발리는데, 흡수가 굉장히 빨리 잘 돼서 좋아요
아마 제 피부 겉 + 속이 많이 건조해서 더 빨리 흡수되는 걸 수도 있고요 ㅠ_ㅠ..★
손등에 발랐을 때 서서히 스며드는 정도 참고하세요!
챱챱챱 두드려주면 더 흡수가 잘 됩니당
이렇게 흡수가 빠른데다 피부에 금방 스며들고, 끈적임이 없어서
세럼 후 다음 기초화장품을 바르기까지 시간이 단축돼요
왜, 끈적여서 많이 두드려줘야 하는 기초화장품은 얼굴 두드리다가 시간 다 가잖아요 ㅠ_ㅠ
제가 좋아서 쓰는 제품이다 보니, 좋은 점만 자꾸 말하고 있는데..
아쉬운 점이랑 같이 총평 남기고 리뷰 마칠게요!
토리든 다이브인 세럼 총평
▶ 좋은 점
· 향이 없고, 화해 성분 검색했을 때 유해성분이 0 제로임
· 세안 후 토닦 하고나서 바로 발라주면 빠르게 수분충전 가능
· 세럼 바르고 난 후 로션바르면 부스터 효과가 되는 듯함. 로션이 더 잘 스며드는 기분?
· 한두 번 쓰면 효과를 잘 못 느끼긴 하지만, 꾸준히 쓰다보면 바른 날 VS 안바른 날 차이가 느껴짐. 바르면 확실히 속 건조가 잡힘
· 민감성 + 지성 피부인 내가 레이어링 해서 발라도 번들거리지 않고 트러블 안 났음
· 끈적이지 않고 피부에 금방 스며듬 -> 다음 기초화장품을 바르기까지 시간 단축됨
▶ 아쉬운 점
· 드라마틱하게 와! 촉촉하다! 이런 느낌은 아님
· 화해 앱, 올리브영 등에서 구매 시 행사에 따라 가격이 들쭉날쭉이라 타이밍 잘 노려야 함
피부 타입별로 사용감이 다를 수 있으니까,
구매하시려는 분들은 기본 용량으로 한 번 써보시고 대용량으로 갈아타면 좋을 듯해요 : )
쿠팡에서 구매 가능한 링크도 하나 첨부해둘게요! 뿅!
토리든 (1+1) 다이브인 저분자 히알루론산 세럼 50ml
COUPANG
coupa.ng
사비로 직접 구매/ 사용 후 작성한 리뷰입니다.
단, 첨부된 쿠팡 링크는 쿠팡파트너스 활동의 일환으로 일정액의 수수료를 제공받을 수 있습니다."
"안녕하세요 타요리입니당~
화해 1등 앰플이면서
2병째 사용중인 앰플!!
토리든의 다이브인 저분자 히알루로론산 세럼
리뷰입니다!
처음에 작은 병 구매해서 쓰고
좋아서 대용량으로 100ml로 구매해서
쓰고있어요!
사진처럼 거의 다 써서 밑바닥이 보이네요 ㅎㅎ
2019년 화해 뷰티어워드 1위!
화해앱을 정~~말 꾸준히 몇달간
잘 애용하는데요
이 앰플은 계쏙 1위더라구요
후기도 압도적이에요
14000개의 리뷰라니 ㄷㄷ
그만큼 좋은거 인정!
올리브영이나 화해 세일할 때
더 저렴하게 구매할 수 있어요!
미네랄오일, 향 등등 뭘 많이 안넣었대요
좋다는 말 
일단 토리든 이라는 브랜드는 
많이 생소할 수 있는데
저는 이전에 토리든 로션도 써봤었어요
그 로션도 순위권 안에 있던걸 생각하면
토리든이 성분과 효과 하나로 이렇게
인정받은 믿을만한 브랜드라고 생각해요
패키지 이쁘게 만든느건 덤!!
다이브인 (DIVE-IN) 이라는 뜻이
'몰두하다' 라는뜻인데
원료에 몰두했다는 뜻이래요
이렇게 화해 앱으로 성분을 봐도
좋은 성분밖에 안넣었네요 ㅎㅎ
5D 복합 히알루론산이란건
고분자,중분자,저분자 히알루론산의
장점을 더해서 만들었다는 거래욧
고분자 : 피부 겉 수분 보호막 형서
중분자 : 피부 속 수분 보충
저분자 : 깊은 수분 전달 및 탄력보충
의 역할을 한다고 해욧
성분과 효과면에서 인정합니당 짱짱
이런 말캉말캉한 스포이드 손잡이루
앰플을 끝까지 쭈압 당겨줘서
쓰면서 불편했던적이 한 번도 없었어요!
참 패키지도 이쁘구 사용성도 편리해요ㅎㅎ
Next image
손등에 바른 모습이에요
워터젤 제형으로 아쥬 가볍게 발리구요
금방 흡수되어 끈적이지 않는 사용감이에요
처음 사용했을 때
다음날 수분이 채워지는게 쫙 느껴지면서
얼굴에 수분광이 도는게 느껴졌어요!
와 넘흐좋다 하면서 썼는데
여름철이 되니까 수분이 과했는지
똑같은 루틴으로 발라도 좁쌀이 생기더라구요
그래서 여름보다는 수분이 많이
필요한 겨울철에 사용하시는걸 강추해요!
이 세럼이 워낙 좋기로 소문나고
잘팔려서 그런지
요 라인으로 토너랑 선크림이랑 등등
많이 생겼더라구요!
패키지가 이뻐서 다 갖고싶게 생겼어요 ㅎㅎ
흐흐
나중에 세뜨세트로 장만해야겠어용
광고같은 리뷴데 내돈내산 리뷰임당
ㅋㅋㅋㅋㅋㅋ
#토리든세럼 #토리든다입브인 #토리든다이브인 #토리든다이브인세럼 #토리든히알루론산세럼 #토리든다이브인히알루론산세럼 #토리든앰플 #토리든다이브인저분자히알루론산세럼 #세럼추천 #앰플추천 #화해앰플1위 #화해앰플추천 #토리든세럼후기 #토리든앰플내돈내산 #내돈내산앰플후기 #토리든세럼2병사용후기 #토리든다이브인5D히알루론산 #히알루론산세럼 #히알루론산앰플 #하늘색앰플 "
"#다이브인히알루론산세럼
#수부지세럼
#민감성세럼
올리브영에서
세럼도구매~!
내돈내산입니닷
요번에 산제품들은
스킨.세럼.크림
전부다 히알루론산성분이있는걸
산것같아요
유분기있는거보단
더울땐 수분을채워주는게
기초바르고
선크림발라도
무겁지않고좋아서
선택했어요
가격
16.200원
용량 50ml
투명제형이고
향은 무향
겉돌지않고
흡수는빠른편
피부 건성분들은 비추~!
민감.수부지.지성
여드름피부에 사용하기좋을듯
다이브인 저분자히알루론산세럼
재생 수
0
0
00:00 | 00:12
화질 선택 옵션
자동

다이브인 저분자히알루론산세럼
한번바르기엔
흡수가금방되서
살짝 수분 채워주는게
개인적으론 부족한느낌이 있더라고요
전체적으로 두번정도 바르는편!!
요것또한 끈적이는거싫어하고
민감하신분들
유분기 많은분들이
진짜그냥 가볍게 사용하길원하시면
괜찮은것 같아요~!"
"안녕하세요 여러분~줄리입니다~!
올리브영이나 화해어플에서도 워낙
인기있는 제품이고 sns에서도 자주 보이길래
궁금해서 한번 구매해본 제품이 있어요!
바로 토리든 히알루론산 패드와
세럼이에요~!
이벤트기간에 구매했더니 사은품으로
트래블키트까지 같이 증정해줘서
요 키트까지 같이 리뷰해보려고 해요~
그럼 과연 정말 좋은지 한번 보실까용~?
*저는 붉은끼가 있는 민감복합성 피부입니다*
토리든 다이브인 저분자 히알루론산 세럼
가격:22,000원 / 용량:50ml
와~ 이 세럼이 되게 핫하더라구요?!
화해 1위에다가 글로우픽 1위까지 해서
얼마나 좋길래 이럴까 하면서 구매해봤습니다.
(2019 화해어플,2020 글로우픽 1위)
3초 수급세럼이라고 해서 속보습이 잘
잡히는게 가장 큰 특징인 것 같아요!
저분자 히알루론산이라서 피부속까지
잘 침투해 속보습이 개선되고 
전성분이 EWG그린등급을 받아 민감한
피부도 사용할 수 있고 진정효과까지
있다고 하네요~
또한 제가 좋아하는 약산성제품이라 더
기대가 되었는데요~!
인공색소는 무첨가지만 말라카이트 추출물이
함유되어서 색이 파스텔 블루색이라고 합니다.
이 성분이 피부에 탄력과 생기를 준다고 하네요~
향도 인공향료가 무첨가라 무향이에요.
(화해어플 성분분석입니다)
저분자 히알루론산이 높게 함유되어 있어 수분감을
채워주고 판테놀과 알란토인,마데카소사이드
성분이 피부를 진정시켜줍니다.
20가지 주의성분은 없습니다
(이미지출처:다이브인 홈페이지)
제형은 세럼이다 보니 주르륵 흐르는 제형이에요.
그래서인지 흡수력이 엄청 좋더라구요!
워낙 흡수력이 빠르다 보니 속건조는 확실히
잘 잡히더라구요~!
대신 아무래도 유분은 아예없는 only 수분감이다보니
한번 바르기보다는 2~3번 덧발라주는게 더 좋았어요!
세럼을 2번 레이어링 한 모습인데요~
저는 한번 발랐을 땐 그냥 가벼운 토너 바른것 같았고
2번정도 덧발라 주니깐 속보습도 잡히고 
촉촉하더라구요~!
흡수력이 워낙 빨라 속보습이 잘 해결되서
속건조 때문에 고민이신 분들께 좋을 것 같아요!
성분도 순하고 약산성이라 저는 
트러블없이 사용했습니다.
또한 유분감이 전혀 없고 수분감만 많은 제품이라 
평소에 가벼운 수분세럼을 
찾으셨던 분들께 추천드려요!
저는 애초에 보습감 있는 제품들 전에 수분감을
채워줄 용도로 구매해서 사용한 거지만 
에센스단계를 이 제품 하나로 해결하려고 하시면 
건성분들은 조금 건조하다고 느끼실 수도 있어요!
이 멀티패드가 너무 구매욕구가 생기게끔
깔끔하게 생겨서 사실 세럼보다 이 패드에
기대를 더 많이 했었는데요...
제가 기대를 너무 많이해서 그런가요...
이 패드는 개인적으로 쏘쏘였습니당ㅠㅠ
리뷰도 안하려다가 그래도 화장품은 케바케니깐
맞는분들이 계실 수도 있어서 공유해보려고 해요~!
토리든 다이브인 저분자
히알루론산 멀티패드
가격:23,000원 / 용량:80매
닦아서도 사용할 수 있고 부분팩으로도
쓸 수있는 멀티패드 제품이에요.
방금 설명드렸던 수분세럼이 가득 들어있는
약산성 수분패드입니다~
이 패드는 피부온도저하 테스트를 완료하여
사용 후에 피부온도를 낮춰준다는게 특징인데요~!
아무래도 다이브인 수분세럼이 들어간 패드이다보니
성분특징은 비슷합니다.
다만 피부온도를 낮춰줄 수 있는 성분들이 패드에는
더 함유가 된 것 같네요!
집게도 같이 구성되어 있었습니다~
(화해어플 성분분석입니다)
저분자 히알루론산과 세라마이드가 피부수분과
보습에 도움을 주며 알란토인,판테놀 성분이
피부장벽을 강화시켜줍니다.
또한 티트리추출물,알로에잎추출물 등등 진정에
도움을 주는 성분이 들어있어 피부열감도 낮춰줍니다.
저자극 제품이다보니 아하,바하같은
 각질제거성분보다는
위치하젤 같은 자연각질제거성분이
 함유되어 있습니다.
20가지 주의성분은 없습니다.
세럼과 마찬가지로 말라카이트 추출물이 들어있어
색이 파스텔블루색이에요.
(근데 패드는 블루보다는 쌈무같다는...)
처음에 기대하면서 딱 뚜껑을 열었을 때
잉...? 에센스가 별로 없네..라는게 
저의 첫인상이였어요.
밑에 얇게 살짝 있었긴 했지만 저한테는
부족하다고 느꼈어요ㅠㅠ
(근데 이것도 호불호니깐요!)
패드는 얇은 순면패드에요~
얇은패드는 장단점이 확실한데
장점은 얇은만큼 밀착력은 좋지만 
금세 패드가 마른다는 단점이 있죠.
에센스는 보통정도로 적셔져 있었고
그 수분세럼보다 더 묽어서 더 가벼웠어요!
저는 보통 이런식으로 5분정도 붙였다가 떼주는데
다른패드보다 마무리감이 덜 촉촉했어요...
저처럼 피부에 열감이 많으시면 수분이
금세 날라갈듯해요.
사용하고나서의 피부 붉은기도 그대로였어요.
피부열감도 딱히 낮춰지지도 않더라구요.
아무래도 에센스가 듬뿍적셔져 있지않다보니
진정효과가 크지 않은듯해요...ㅠㅠ
평소에 에센스가 많아 너무 흐르는 팩이나 패드가
부담스러우셨던 분들과 가벼운 수분패드를
원하시는 분들께는 잘 맞으실 듯 해요!
아쉬운점이 더 많은 제품이였는데요
다른분들 리뷰도 대부분 저와 같더라구요.
우선 멀티패드라고 해서 닦아도보고 부분팩으로도
사용해보았는데 이도저도 아니였어요
얇다보니 닦아쓰기에도 애매하고 부분팩으로
쓰자니 에센스가 부족해 팩을 하나마나였어요ㅋㅋ
저는 그냥 닦아쓰는 패드 따로 부분팩으로 쓸수 있는
패드 따로 구분해서 사용하는게 더 좋은 것 같아요!
구매하면서 증정받은 트래블키트에요~
구성은 다이브인 라인으로 클렌징폼,스킨부스터,
토너,세럼,크림,선크림으로 되어있습니다!
다양하게 들어있어서 다이브인라인으로 다른
제품이 궁금하신 분들을 위해 짧게 후기를 
남겨보도록 할게요~!
*다이브인라인 성분이 전체적으로 비슷하고
선크림제외하고 모두 약산성이에요.*
(세럼은 위에 리뷰있어서 제외할게요.)
토리든 다이브인 
저분자히알루론산 스킨부스터
본품 가격:18,000원 / 용량:200ml
스킨부스터가 생소하신분들도 계실텐데요~
스킨케어 첫단계에 발라서 그 다음 기초가 잘
발리게끔 밑바탕을 촉촉하게 만들어주는 제품이에요!
토너보다는 점성이 있지만 그래도 묽어서 펴바르면
바로 흡수가 되는 제품이에요.
저는 근데 딱히 발라야될 중요성을 모르겠더라구요..
차라리 토너나 수분세럼을 2번 덧바르는게 
더 나은것 같아요!
다이브인 저분자 히알루론산 토너
본품 가격:21,000원 / 용량:300ml
토너는 수분감이 많은 물타입 토너에요~
그래서 흡토보다는 찹토에 사용하기가
더 편리했어요.
순한 약산성타입 수분토너를 찾으시고
큰 특징없이 무난하게 사용할 수 있는
물토너를 찾으시는 분들께 추천드려요!
토리든 다이브인 저분자 히알루론산 크림
본품 가격:21,000원 / 용량:80ml
파스텔블루색의 약산성 수분크림이에요~
수분 유분 비율이 8:2 정도로 수분감이
더 많은 수분크림이라서 발랐을 때
답답하지도 않고 촉촉해졌어요!
제가 밤에 바르고 자고 그 다음날 아침까지도
촉촉함이 유지되서 마음에 들었던 제품이에요~!
다만 완전 보습류의 크림을 원하시면 비추에용!
토리든 다이브인 데일리 무기자차 선크림
본품 가격:23,000원 / 용량:60ml
이 선크림은 무기자차 선크림이에요~
아...무기자차라서 뻑뻑하게 발리겠구나 했는데
웬걸 부드럽게 발려서 깜짝 놀랬어요.
다만 발릴 때 수분감있게 발리지만 시간이 지날수록
보송해져서 저한테는 속건조가 있었어요ㅠㅠ
무기자차라서 백탁현상이 있긴한데 과하지않고
어느정도 살짝 톤업만 됩니다!
토리든 다이브인 씨솔트 
크리미 약산성폼클렌징
본품 가격:14,000원 / 용량:150ml
약산성 타입의 클렌징폼이에요~
저는 씨솔트추출물이 들어가있어서 
스크럽이 들어있나? 했는데 그러진않고
부드러운 타입의 클렌징폼이더라구요.
약산성 클렌저치고는 거품이 꽤 잘나는
타입이에요!
세안하고나서의 당김도 덜해서 좋았어요~!
이 제품은 아무래도 약산성제품이다보니 완전
세정력강한 클렌징폼을 찾으시는 분들보다
아침용클렌저나 저자극클렌징폼을 찾으시는
분들께 더 추천드려요~!"
"❤올영에서 평이 좋아서 세일기간에 저렴하게 구입했고요 파란색이 참 예쁜 앰플 같은 세럼이에요
토리든이라는 첨들어보는 브랜드 다이브인 저분자세럼
18000원정가>>>세일16000원대
 🧡세럼이라는게 토너후 바로 사용하는 제품이라그런지 토너를 뭐 쓰는지 굉장히 중요한데 저는 수부지라 여름에는 밀려서 기초 여러개를 못쓰는지라 안 끈적이면서 속건조 한번에 잡아줄 세럼이 필요했어요
 💛흡수는 정말 잘되지만 가격에 비해 제역할을 잘해내지 못하는 느낌 보습력이 많이 약해서  토너후 요고바르고 수분크림하나 더 발라줘야합니다
 💚개인적으로 수분세럼인데 수분력이 약해서 와 이건 보습잡습니다!!!이거 사세요!!!하지는 못하겠어요🤣
파란색흐르는 제형 
 파워지성인 제가 부족한 보습력이면 다른 분들은 뭐..(이녀석으로 속건조 잡긴힘들거같은디?)
 💙좋은점이라면 성분이 아주좋고(전성분올그린🙆‍♀️)민감성피부나 그 어떤 피부에도 괜찮을 무자극에 가까운 아이 그리고 세일시 저렴한 가격과 끈적임없이 빠른 흡수력정도?
성분와따 전성분 올그린 저자극 
 💜저는그냥 무난하게 쓰긴 좋은데 날씨 더워질거 생각하면 돈 더 보태서 사용감 더 좋은 수분세럼이나 수분크림 살거같습니당
총점 별세개⭐⭐⭐
________________________________
사용몇일후...
최근 바뀐 화장품이 많아서 이게 원인이라고
절대 생각못했다..:;;;
얼굴이 가렵고 빨갛고 작은
접촉성피부염증상
목이 몇일부터 계속 가려웠는데
얼굴도 빨갛게 되고 
이걸 바른 부위였다..
아나..개인적으로 별 한개도 아깝네
성분만 보고 사지는 않지만
전성분 올그린이더라도 반드시 성분표를 꼼꼼히 봐야하는 이유는 
알러지때문..
민감성피부는 이 제품 피해라반드시!!!
위치하젤추출물
=버지니아풍년화추출물
(찾아보니 꽃추출물이라는데)
민감성피부는 피하기바람!"
"여름이쟈나요?
수분앰플은 4계절 다 필요하잖아요?
우리 물 먹어도 흡수가 잘 안되잖아요?
수분앰플추천해드립니다.
따봉따봉
피부샵을 갔더니 
얼굴에 수분이 부족해서 
수분이 필요하대요ㅜㅜ...힝
근데 찐득한 앰플보단!!
물같이 흐르는 앰플이 더 흡수력이 뛰어나다는 
것 알고계신가요?
저는 닥토->흐르는수분앰플->찐득한앰플
->알로에젤 로 얼굴을 관리하고
있습니다^.^
인터넷을 찾고찾아서 발견한 앰플
사실 올리브영에 추천템을 두개를 알려주셨는데
저는 올리브영 가서 샘플 써보고나서
걍 이걸로 결정
#3초세럼 으로 유명하다네용
<-몰랐던사실
#2019년화해뷰티어워드1위
#저분자히알루론산 으로 
유명한 이제품
이제야 저도샀어요 ^.^
18000원인데 세일가로 
15300원에 ^.^
#다이브인 
#저분자히알루론산 
으로 속건조와 피부진정을 잡는다고 되어있어요
#약산성 (ph5.5) 으로 
#무향 이고 #흐르는물같은제형 이예요
저는 올리브영 매장에서 구매했어용
#내돈내산 
비록 카드값은 쌓이고 있지만....
속보습진정과 판테놀 성분도 있어서 
생기있고 탄력있는 피부관리에 도움을
준다네용 ☆☆☆
아직은 탄력과 생기는 모르겠고...
수분감은 다른것보단 나은것 같아요
성분은 이렇~~~~~~게 라는데
모르겠어요(긁적긁적)
이렇게 푸른 빛을 띄고있네요 ^^
스포이드 형식으로 
되어있어서 양 볼과 이마에 꾸욱 
뿌려주고 톡톡톡 흡수시켜줍니다
그냥 올리는 2020.5.31  
마지막날의 내셀카
오랫만에 화장했더니 
지우는일이 생겼네 ^.^
깨끗이 지우고 오늘도 수분세럼 샤라락
안뇽 
*참고로 지금 #올리브영세일 입니다
달려가쎄요
그리고 다이브인 취급매장에서 잘찾아보시면
1+1도 있다는데 제가 사는 도시 근처에는
다 없대용 ㅜㅜ 
 올리브영앱에서도 솔드아웃 이라ㅜㅜ
저는그냥한개샀어요
#재구매의사있음
* 지금 #올리브영앱 에 보니
1+1은 사라지고없고....(분명 입고알람 해놨는데ㅜ)
셋트가 등장했네요?
#수분다이빙 셋트 . ...이름이 귀엽다 
* 검색후기에 보니 좁쌀여드름 붉은여드름 난 분들도 있더라구용
저는 잘맞았지만 혹시 예민하신분들은
피부테스트를 해보셔야할것같아요
;;"
"토리든 다이브인 저분자 히알루론산 세럼
이건 제가 몇통씩 쓰고있는 세럼인뎅 
한번 리뷰해볼까하고 찍어봄 ㅎ..
히알루론산 들어간거보면 아시겠지만
발랏을때 광이 나요,, 
정말 촉촉,,
이거바르면 친구들이 얼굴 반질거린다고 ㅋㅋㅋ
이렇게 스포이드 형태로 사용하는 세럼이구요
제형은 이렇게 묽은제형이예요~
세일할때나 가끔씩100미리짜리나올때
쟁여두는 ㅜㅜ 정말 제 인생템!
친구추천으로 알게된 제품인데
이렇게 쭉쓸지몰랏어요
저처럼 촉촉하고 광나는거 좋아하시는분은 요제품 추천할게요!"
"안녕하세요 오지입니다!
오늘은 음식 리뷰는 아니고 화장품 리뷰를 해보려고 합니다!
저는 건성이고 얼마 전 친구가 메르비갈바닉을 선물해 줘서 앰플을 하나 구입해야겠다 싶어서
화해어플들어가서 1등제품 구입했어요
배송은  그저 그랬어요,,,, 1월 4일에 주문했는데 1월 11일에 받았습니다! 딱 일주일 걸린 거 같아요
요즘 택배가 워낙 빠르다 보니 상대적으로 느리게 느껴져요
제가 구매한 상품은
다이브인 저분자 히알루론산 세럼 대용량 기획이에요!
앰플은 금방금방 쓸 거 같아서 대용량으로 주문했습니다
토리든 화장품은 처음 사용해보는데 설명도 나와있고 나쁘지 않았어요
화해 일등이다 보니 유명한 상품이었어요!
포장도 상자에 깔끔하게 와서 선물용으로도 좋을 거 같아요! 샘플도 주셨는데 잘 사용할 수 있을 거 같아요
가격은 25,619원에 구매했습니다!
지금 검색해보니 지금은 28,900에 판매하고 있어요
앰플 하나 가격으로만 봐도 저렴한데 이것저것 많이 주니까 가성비 좋았습니다!
짜잔 앰플 백미리다 보니 조금 묵직하더라고요!
저만 앰플 파박 많이 쓰나요,,,?
앰플은 정말 금방금방 쓰는 거 같아요 ㅠㅠ
손등에 한번 해봤는데 사실 이런 걸로 판단 불가인 거 아시죠,,,?
그저 그런 화장품도 손등에 테스트하면 좋아 보이잖아요 ㅋㅋㅋㅋ
얼굴에 직접 사용해 본 결과 저는 대만족이었습니다....
제가 갈바닉기계와 같이 사용해서 그런 건지는 모르지만https://blog.naver.com/ajs2628/222203529917
메르비 갈바닉 (솔직 후기, 가격, 예신 관리, 홈 케어 기기 추천)
안녕하세요 오지입니다!오늘은 홈 케어 제품을 리뷰해보려고 합니다!!3년 전쯤에 피부과 다녔는데 그때 ...
blog.naver.com
저는 다음날 피부가 아주 쫀쫀했어요
원래는 로션만 바르고 자는데 아침에 일어나면 촉촉이 아니라 코는 번들거리고 볼, 이마, 턱은 건조해요,,ㅠㅠ
하지만 앰플사용하고 촉촉해서 아침에 세수할 때도 좋았습니다
토리든 크림인데 갈바니 사용할 때같이 사용하고 있어요
저는 나쁘지 않아서 꾸준히 사용해보고 괜찮으면
본품 구매할 생각입니다!
아침에 토너 먼저 바르는데 물토너에요
금방 날아가는 느낌이더라고요
토너가 딱히 엄청 좋다는건 잘 모르겠어요
세라마이드 크림인데 세라마이드 크림까지 안 발라도 피부가 촉촉해져서 굳이 안 바르게 되더라고요
세라마이드까지 안 발라도 토너 앰플 크림 바르면 매우 매우 촉촉해요!
화해 1등이라서 엄청 기대하고 구입해봤는데 저는 만족스러워요 가격도 괜찮고  성분도 좋아요!
갈바니 기계가 집에 있어 같이 사용하신다면 저처럼 좋은 효과 보실 수 있으실 거 같아요!
내 돈 내산입니다:)"
"안녕하세요!
뷰티블로거 마이보입니다 :D
오늘은 속보습 꽉 채워주는
토리든 다이브인 세럼 후기를 들고 왔어요
저분자 히알루론산으로 피부 속부터 촉촉하게
수분감을 채워주고
피부 진정 케어도 함께!
빠르고 강력한 수분 한 방
#3초세럼 으로 불리는 #토리든다이브인세럼
소개해드릴게요-!
토리든 다이브인 저분자 히알루론산 세럼(50ml)
정가 18,000원
할인가 15,300원
저분자 히알루론산과 5D복합히알루론산으로
강력한 속 보습 케어와 피부 진정에 좋은 수분세럼이에요
토리든 세럼은 얼루어 평가단에서 97% 만족도를 얻고
2019 화해 뷰티 어워드에서
에센스/앰플/세럼 부문 2관왕을 차지했다고 해요
화려한 스펙으로 기대감을 갖게 한
토리든 다이브인 세럼~
안써볼 수가 없겠죠
저는 토리든 세럼을 올리브영에서 처음 알게 되었는데요
가장 많은 사랑을 받는 세럼이
바로 토리든 세럼이 아닐까 해요
올영 품절 대란템으로
보이면 일단 내 손에 넣고 봐야 하는(?
그런 아이인 것 같아요
토리든 다이브인 세럼은 파스텔블루 색상이에요
인공색소 첨가가 아닌 말라카이트의 순수 색상이라고 해요
*위 내용은  원료적 특성에 한함
투명 용기에 들어있어서 내용물이 얼마나 남았는지
확인할 수 있어서 좋더라구요
보습 제품은 무조건 무겁고 끈적이는 제형만 생각했는데
요 세럼 사용해보고 생각이 바뀌었어요
 지성피부라 평소에 가벼운 타입을 좋아하지만
세럼이나 앰플은 약간 농도가 있는 제품도 사용하거든요
토리든 세럼은 가볍고 수분감이 느껴지는
산뜻한 워터젤 제형인데 속부터 탄탄하게 수분을 채워주니까
넘나 대만족~
세럼을 떨어트려봤을 때
주르르륵 엄청 빠르게 흘러내려요
떨어질 수도 있으니
재빠르게 문질러주어야 한다는 점!
수분감이 많이 느껴지고 끈적임 없는
편안한 사용감이라 가볍게 바르기 좋은 것 같아요
문지를수록 피부에 수분이 전달되는 느낌이고
촉촉함이 느껴지니까 너무 마음에 들었어요-!
빠르게 흡수되는 편이고
끈적임이 없어서 진짜 좋아요!
번들거림 없이 촉촉한 피부를 유지할 수 있구요
깔끔하게 마무리 되어 가벼운 기초케어 제품으로 추천!
보습력이 좋아서 아침뿐만 아니라 저녁에 사용해도
충분하겠더라구요
토너로 피부결을 정돈해준 후
토리든 다이브인 세럼을 사용해주었어요
저는 세럼을 피부에 직접 펴바르는 방법으로만 사용했는데
세럼팩으로도 사용할 수 있더라구요
(토너팩만 해본 1ㅅ..)
화장솜에 다이브인 세럼으로 듬뿍 적셔주고
세럼 부분을 피부쪽으로 해서 10분정도 올려주면
간단한 #세럼팩 완성 ㅎㅅㅎ
중요한 날 세럼팩 해보려구요
이번에는 그냥 문질문질해줍니댜 헤헤
묽은 제형이라 빠르게 펴바를 수 있고
끈적임 없이 촉촉하게 흡수 돼요
사용감이 진짜 가벼워서
지금처럼 날씨가 더워질 때 바르기 넘 좋은 듯
옷차림이 가벼워지는 것 처럼
기초 제품도 사용감이 가벼운걸 선택하게 되는 것 같아요
아침저녁으로 꼬박꼬박 사용 중인데
겉 뿐만 아니라 속이 진짜 대박
건조함이 전혀 없어요 ㅋㅋㅋㅋㅋㅋㅋ
속건조 잡는 데엔 역시 토리든 세럼인가요
왜 인기가 많은지 알겠는 ㅋㅋㅋㅋ
1+1하면 진심 쟁여야할 판!!!!
외부로부터 자극 받은 피부를 진정시키고
건조한 피부의 보습력을 향상시켜 피부 장벽을
튼튼하게 만들어주는 #토리든세럼 !
확실히 보습은 짱짱하답니다
꾸준히 사용해보려구요 'ㅅ'
끈적임 제로~ 산뜻하게 수분 챙기실 분
토리든 다이브인 세럼 사용해보셔도 좋을 것 같아요
#내돈내산"
"안녕하세요!
오늘은 제가 
3통째 사용중인
다이브인 저분자 히알루론산 세럼 을
추천하려고 합니다 !
내돈내산 후기에요 ❤
 속보습 개선율 114.94%
이거 정말 인정입니다..
밑에 글에서 확인하세요..👍
구매이유?!
화장하고 시간이 지나면 유분이 올라와서
저는 제가 지성인 줄 알았는데
자주 다니는 피부과에서
보습에 신경을 쓰라고 하더라구요.
피지가 너무 말라있다면서...
막 화장할때 뜨거나 그러지 않아서
몰랐는데 속건조 였더라구요...
여태 그것도 모르고 ㅠㅠ
어쩐지 피부를 만저보면 별로 안건조한거같은데
피부가 땡기는 느낌은 있고..
다 속건조 때문이었어요 ㅠㅠ
그래서 속건조에 좋은 세럼을 알아보다가
이 제품을 구매하게 되었습니다 !
세럼이 약간 파란빛이 도는데
'말라카이트 추출물' 의 순수색상 이라고 하네요 !
다이브인 저분자 히알루론산 세럼 50ml 22,000원
성분?
20가지 주의성분 ❌
알레르기 유발성분 ❌
저처럼 민감피부에게 정말 최고..
향?
무향 입니다 !
매일 바르는 기초제품은 역시
향료 없이 성분 좋은게 최고죵 !
제형?
맑은 콧물제형입니다 ㅋㅋ
끈적임 없어서 너무 좋아요 !
효과?
자극없고 저분자여서 속보습에
많이 도움 되었어요.
사실 이게 효과가 있나...
싶었거든요?
그래서 되게 평범하게 그냥 자극없는 세럼이구나.
하고 다른걸로 바꿨었어요.
어성초가 피부에 좋다해서
어성초 세럼으로 바꿨었는데
바꾸고 나니까 알겠더라구요.
이 세럼이 속보습에 효과가 있었다는 것을요 ㅋㅋ
세럼만 바꿨는데 얼마나 땡기던지..
수분크림까지 발랐는데도
아...땡긴다.. 했어요 ㅠㅠ
민감피부, 트러블피부, 속건조피부에게
완전 강강강강추 !!!!
특히 속건조에 저는 효과많이봐서
속건조이신 분들
꼭 사용해보세요 👍"
"안녕하세요 H에요:)
이번 포스팅은 가장 최근에 구매한 기초화장품 내돈내산 포스팅이에요
(한가지에 정착하면 변함없는 스타일 ㅎ)
기초수분세럼으로 추천하는 토리든 다이브인 저분자 히알루론산 세럼!
올영VVIP인 제가 직접 구매해서 3개월 넘게 사용하고 있는 #수분세럼 #기초템 이에요
#저분자히알루론산세럼 #토리든 #히알루론산세럼 #토리든다이브인저분자히알루론산세럼 #기초화장품 #수분화장품 #수분템 #보습세럼 #세럼 #보습 #보습에센스 #수분에센스
꽤 오랜기간 제품의 절반 이상을 사용해보고나니 확실히 만족스러워서 사용후기 포스팅 한번 시작해볼게요??
참고로 제 피부타입은 극예민초민감피부에요
요즘 같은 환절기엔 겉촉속바 (겉은 촉촉 속은 바삭)
촤하하 ㅎㅎ,,,ㅎ ㅎㅎㅎ
조금만 컨디션이 나빠지거나 피곤하거나 스트레스 받으면 바아로 얼굴에 나타난다며
굉장히 피곤한 타입이쥬?
유수분 조절이 안되도 바로 얼굴에 트러블이 올라와요
그런 제가 거의 처음으로 맘에 드는 
수분세럼으로 정착하게 될 것만 같은
 그 아이는 바로-
 토리든
다이브인 저분자 히알루론산 세럼
50ml
화해2관왕 1위세럼
저분자 히알루론산
속보습 임상시험 완료
피부 저자극 테스트 완료
DIVE IN
: 몰두하다
토리든 다이브인은 원료에 몰두합니다.
원료에 따른 최적의 배합과 비율을 연구하여 피부에 적합한 원료의 특성을 극대화한 특별한 상품!
수분의 분자량을 1,000배 유지하는 히알루론산!
히알루론산은 공기 중에 떠다니는 수분도 스스로 끌어당겨 콜라겐 사이사이 탄력있는 피부로 속피부까지 수분을 공급해요:)
화해 베스트 1위 세럼
화해 최고평점 4.4
속보습 진정 세럼
제형은 수분감이 가득한 산뜻한 워터젤 제형이에요
주륵 흐르는 물타입 세럼
토리든수분세럼
재생 수
1
1
00:00 | 00:05
화질 선택 옵션
자동

접기/펴기
토리든수분세럼
그치만 히알루론산 특유의 약간의 점성이 느껴져요
발림성은 끈적인 거의 없이 촉촉하게 흡수되는 타입
확실히 수분세럼이라 수분감이 확 느껴져요
토리든 다이브인 라인은 고분자, 중분자, 저분자 각각의 장점을 더해서 만들었데요~~~~
고분자: 피부 겉 수분 보호막 형성
중분자: 피부 속 수분보충
저분자: 깊은 수분 전달 및 탄력 보충
대표성분은 말라카이트 순수 추출물
인공색소 첨가가 아닌 순수의 파란 색상으로 피부 스트레스 예방까지 한다네요???
제가 세 달 정도 매일 충분히 사용해본 결과,
이 제품을 바른 처음부터 즉각적으로 수분감이 풍부하게 느껴지면서 피부가 굉장히 쫀쫀해지고 촉촉해보이는 건 물론이고 촉촉하다 좋다라는 느낌 확 들었어요
겨울에서 봄으로 가는 환절기부터 여름엔 유분감 많은 제품은 계절상 사용하는 빈도수가 확실히 적어지니꽈
#수분세럼정착템 을 찾고 있었거든요
나의 사랑 화해어플 써치 중 바로 이 수분세럼이 눈에 들어왔고 반신반의하면서 써봤는데
너무나 만족스러웠답니다
가격도 정말 저의 #최애수분세럼 이 될 아이 같아요:)
자극없는 안정한 성분을 찾는 분
속당김으로 속보습 필요한 피부
산뜻한 수분이 필요한 피부
거칠어진 피부를 생기있게
속은 건조 겉은 유분이 가득
이런 피부타입 이신 분들에게 더욱더 추천할게요!
#내돈내산 토리든 저분자 히알루론산 세럼 포스팅이였어요:)
비마이에이치 ♥
#여자옷코디 #여자옷쇼핑 #홈웨어 #이지웨어 #라운지웨어 #여성쇼핑몰 #의류마켓 #블로그마켓 #마켓 #공구 #20대여자쇼핑몰 #20대여성쇼핑몰 #30대여성쇼핑몰 #50대여성의류 #데일리 #20대코디 #30대코디 #여성쇼핑몰 #당일배송여성쇼핑몰 #여성의류쇼핑몰 #악세사리쇼핑몰 #키큰여자쇼핑몰
#bemy_beauty #bemy_ootd #비마이에이치 #Bemyh #H블로그"
"#내돈내산 #솔직리뷰
오랫만에 올리브영 유명템 써보기 포스팅을 해보려고 해요
이 브랜드나 제품은 저도 처음 들어보고 써보는
토리든 다이브인 세럼인데요
올리브영 들어갔더니 이게 #수분세럼1위 던가 그렇고, 상품평이 엄청 많더라구요
#저분자히알루론산 ?? 호기심에 봤더니, 요개 엄청 순하고 좋다는 상품평이 압도적으로 많았어요.
한번 사용해보기에 가격도 아주 착해서 구입해보았습니다
(50ml*2개에 18000원이라는 믿을수 없는 가격에 이렇게 1위를 할정도의 상품이라면 과연???)
토리든 DIVE-IN 세럼50ml*2
군더더기 없는 깔끔하고 심플한 유리용기에요
사알짝 파란빛을 띠는 내용물이구요
왼쪽통을 많이 쓴게 보이시죠?
제가 반년안에 저정도로 썼으면 말 다한거에요ㅎㅎㅎ
결론부터 말하자면
제가 써본 화장품중에서 가장 순한 화장품 3위 안에 드는거 같아요!
아니면 제가 저렇게 많이 쓸수가 없거든요
이렇게 자극적인 성분들을 싹 다 뺐어요!
성분을 많이 알진 못하고, 안맞는 성분은 몇개 기억했다가 체크하는편인데
미네랄오일, 향료, 마데카소사이드, 알콜, 시어버터 등이에요
물론, 이 성분이 들어갔다고 무조건 탈이 나는건 아니지만, 되도록 피하고 있어요
여기도 이렇게 잔뜩!! 자극성분을 뺐습니다.
물론 향료나 색소도 안들었어요
저분자 히알루론산은 피부에 흡수가 더 잘된다고 하더라구요
5가지 복합 히알루론산이 
피부에 수분을 공급하고, 
판테놀성분이 
민감한 피부를 진정시켜주는 
속보습 세럼
토리든 다이브 세럼
  오직 제품력으로 인정 받은 3초세럼
토리든 다이브인 세럼
출처 : 올리브영
2019 화해 2관왕, 에센스 앰플 세럼 부문
언니의 추천템 에센스 앰플 세럼 
네이버 뷰티윈도 인기 에센스 1위
얼루어 97% 속보습 만족도
네이버 평점 4.7/5
평범한 스포이드 타입의 세럼이에요
점성있는 스킨같은 묽은 타입으로 얼굴에 바로 하면 주르르 흐르는 제형이구요
흡수가 빠르고, 겉에 끈적임이 없이 오히려 뽀드득해져요 (건성기준)
겉으로 보이는 엄청난 촉촉함이나, 찰싹찰싹 손바닥이 달라붙는 쫀쫀함은 없고 산뜻하게 쏘옥 흡수되는 타입이에요!
저한테는 무알콜이면서 이런제형이 트러블이 적더라구요
그리고 아무리 순한 제품도 두번이상 레이어드하면 얼굴이 붉어지는 경우가 많은데
이 제품은 듬뿍 올려도 피부가 벌게지지 않아서 요즘은 이걸 두번정도 발라주고 있어요
그 많은 후기들을 보면, 이게 촉촉하지 않다 건조하다는 후기는 있어도
이거 써서 얼굴이 뒤집혔다는 후기는 저는 찾지 못했어요(혹시 있을지도 모르지만, 꽤 많이 읽었는데 없더라구요)
토리든
재생 수
6
1
00:00 | 00:07
화질 선택 옵션
자동

접기/펴기
토리든
이렇게 묽은 타입이고,  여름철에 적합한 세럼입니다.
만족하며 쓰고 있어서 재구매의사 있어요👍
엄청난 효과보다는 극무난한 제품이라는게 좋겠어요ㅎㅎㅎ
입소문으로 유명해진 제품이고, 제품 패키지나 광고에 투자하지 않고, 제품력에 집중하여 가격을 좋게 내놓은것이 아닌가 합니다
올리브영 유명템 토리든 다이브 인 세럼
가성비 갑!! 민감피부에 가벼운 수분충전으로 특히 추천드려요😊"
"안녕하세요 휴이나입니다 ㅎㅅㅎ!
블로그를 쉬는동안 수많은 스킨케어를 구매해서 써봤는데
한달만에 한통을 비우고 쟁여쓰는 제품이 생겨서 포스팅 씁니당! (존좋 진짜 ㄹㅇ)
*이 제품은 내돈내산 제품입니다*
토리든 다이브인 저분자 히알루론산 세럼
토리든 다이브인 3초 세럼
올리브영에서 알바를하면서,, 지금까지 총 96만원 정도를 썼더라고요 ㅋ;; 
(2020년 1월부터 ,, 어쩐지 돈이 안모이더라)
그중에서도 재구매를 할만큼 좋았던 스킨케어 제품들은
'보타닉힐보 탄력크림, 탄력에센스' 였는데 (진짜 화장 너무 잘먹고 피부가 탱탱해지는게 딱 보임)
이 친구도 재구매 오지게 했습니다.
햇살로 안에 비치는게 너무 예뻐서...
이중에서 한통은 다 썼어요..
제형은 물보다 살짝 점성있는데 굉장히 묽어요!
그래서 흡수가 짱 빠르고 화장전에는 두번 흡수시켜주고
밤에는 세번 흡수시켜줍니당
이 세럼이 좋았던게 성분이 매우 착해요!!
그래서 성분에 예민하신 분들은 이 세럼 믿고 사셔도 될 듯 해요!
흡수가 빨라서 수분공급이 즉각적으로 되는게 너무 좋았어요 ㅠㅠ!!
저처럼 수부지피부이신분들은 속에서 차오르는 수분감을 느끼실 수 있어요!
요즘 피부가 너무 좋아요,, 트러블이 나올 기미도 안보이고 파데프리도 간간하게 하고 있답니당 ㅎㅅㅎ!
그리고 세럼이랑 크림 잘못 바르면 화장이 엄청 밀려요,, (때처럼 ㄹㅇ 개빡침)
얘는 그런게 아예 없어요 그래서 화장전에는 무조건 이 친구 발라줍니당..
좋은 크림인데 화장전에 바르면 엄청 밀리는 화장품 있어서.. 솔직하게 다 말씀드릴게요.. ㅋㅅㅋ (이 세럼은 절대 아님!)
수부지 피부이신 분들과 건성이신 분들은 이 세럼 구매하시면
2~3번정도 쌓아 올려주시고
지성이신분들은 한번만 올려주셔도 적당할듯합니다!
오랜만에 세럼 추천,, 행복하네욤 ♡
그리고 새로 장만한 크림중에 크리니크 핑크 수분크림도 샀는데
그 아이들 후기도 올릴게욤! 다들 좋은 하루 되세욤 ♡
휴랑 너랑, 휴이나"
"안녕하세요 :)
여름이 되니 악건성에 민감성인 제 피부가 좀 괜찮아 지는 것 같아요. 
하지만 계절의 변화로도 바꿀 수 없는 속건조!!!
그래서 3초 만에 속건조를 잡아준다는
#토리든 #다이브인_세럼 을 사용해보고 후기를 가져왔어요.
출처 : 토리든 홈페이지
토리든
 다이브인 저분자 히알루론산 세럼
(50ml - 18,000원)
  Next image
병 안에 하늘색 세럼 없는 거 보이시죠?
단순히 한 번 쓰고 후기를 올리는게 아니라
벌써 두 병 쓰고 후기를 남기는 거에요!!
제 피부가 민감+건성이라 순한 것만 골라쓰니
저한테 맞으면 다른 피부에도 맞더라고요.
저는 이 세럼을 두 달 전, 1+1할 때 샀고
인터넷에서 13,000원에 구입 가능해요.
다이브인 세럼은 스포이드 타입이어서
위생적이고 양조절 하기에 편리해요.
하지만 세럼을 거의 다 사용했을 때,
남은 건 탈탈 털어 사용해야하는 불편함도 있죠.
하지만 대부분의 세럼이 그렇죠?ㅎㅎㅎ 
  제형 & 텍스쳐
위에 사진을 보시면 세럼이 물처럼
찰랑거리진 않지만 그렇다고 찐덕하지도 않죠?
손바닥에 넓게 도포했을 때
흔들어도 물처럼 흐르지 않지만
적당하게 점성이 있는 타입이에요.
음...한마디로 말하자면 저점성으로 된
젤워터 제형이에요.
젤워터 타입이라 스포이드로 쭉~
도포 후에 손가락으로 문질문질 톡톡해주면
피부가 빠르게 흡수합니다.
그래서 별명이 3초 세럼인가봐요ㅎㅎㅎ 
손등에 펴 바를 때 느낌은
""미끌미끌 탱탱"" 느낌이에요.
아마 써보시면 제가 무슨 느낌
 말하는지 아실 수 있어요!
  피부 텍스쳐
아주 적나란 피부 텍스쳐 후기입니다.ㅠㅠ
왼쪽은 세안 후 찍은 사진이에요.
보면 건조함이 팍팍느껴지시죠?
오른쪽은 세럼을 바른 후 찍은 사진인데 왼쪽에
비해 피부가 훨씬 촉촉하고 생기있어졌어요.
#저분자_히알루론산 #5D복합히알루론산 이기
때문에 꾸준하게 바르면
#속건조 를 잡아주는데 좋아요.
바르고나면 ""아! 수분함유량이 많구나.""라는 걸
알 수있을 정도로
흡수도 빠르고 촉촉함도 아주 탁월해요.
또, #D_판테놀 이 함유되어 사진에서 보듯이
예민한 피부에도 사용해도 좋을 만큼 순해요.
  총 정리
3초 세럼이라는 별명이 있을 정도로
흡수도 빠르고 수분함량도 높아 
끈적이는 여름철에 사용하면
아주 좋은 세럼이에요.
또, 요즘 유행하는 저분자 히알루론산으로
되어 있어 피부 깊은 곳까지 
수분을 빵빵하게! 충전해줘,
속건조를 잡는데 탁월한 세럼!
세일할 때 사면 저렴하게 구입할 수 있으니
가성비도 최고인 세럼이에요.
사용하면서 단점을 거의 찾을 수 없었요.
완전 강추!!!"
"스킨케어 유목민인 저에게 
화해쇼핑은 지름의 장소죠^^
화해의 장점은 각 업체에서 제공하는 
정보인 상세페이지를 제외하고도,
전성분에 대한 정보와 다른 사람들의
세심한 후기 + 꿀팁을 얻을 수 있다는게 장점!
하지만,
화해에서 많은 사람들이 칭찬하고
순위에 올라있더라도 그저그럴 수 있다는거!
모두의 피부타입은 다르니까요..
그런 의미에서,
전 제 피부에 맞는 인생템을 찾기 위해
스킨케어 유목민이 되었습니다..^*^
언제쯤 정책할 수 있을까여..?
오늘 소개할 제품은
다이브인 히알루론산 세럼 
50ml  13,900원 (화해쇼핑)
화해쇼핑으로 구매했고,
제가 구매할 당시에는 13,900원 이었습니다~
속건조가 심해지고,
좁쌀여드름이 다시 스믈스믈 올라오려고
눈치를 보길래 아 건조하구나 해서
앰플을 발라야겠다 생각하다가 화해에서
추천순 맨 위쪽에 있길래 질러봤어여^^ ㅋㅋㅋ
히알루론산이 자기 무게의 1000배의 
친수성을 가진 수분 특화 성분이잖아요?
저분자 히알루론산이 들어있다니,
이름부터 뭔가 수분이 가득할 것 같다며 
바로 결재해보았죠 ^^ ㅎㅎ
유목민의 충동 구매에 죽어나는건 내 텅장뿐 ㅎㅎ
제가 살때는 13,900원이었는데
어느새 좀 올라서 18,000원이 되었네요?
괜히 싸게 산 것 같아 기부니가 젛습니다. 
평점은 4.44..! 
후기는 10,119개나 되네요. 
제 후기도 저기 껴있을거예요 ㅋㅋ
산지는 좀 되었구,
한두번 더 쓰면 다 쓸 정도길래
후기를 남기게 되었어요!
스킨케어 리뷰들은 정보 전달의
목적도 있지만, 추후에 제가 다시 보고
이때 이랬구나.. 하고 거르거나 다시 사거나
하려고 적고 있어요 ㅋㅋㅋ
짠-!
ㅋㅋㅋㅋㅋㅋ
내용물이 가득차 있는거 아니고
바닥에 아주 약간 남아있는거 보이시죠?
네- 그래요. 
거의 다 썼습니다!
한통을 다 써가는 시점에 쓰는 리뷰죠 ㅋㅋ
원래는 화해쇼핑의 이미지처럼
맑은 투명한 액체지만 옅은 푸른빛을 띄는 
앰플이 가득 담겨서 왔었어요!
흰색과 블랙, 하늘색 만으로 이뤄진 
투명한 제품과 스포이드가 딱 뭔가 그냥 보기에도
깔끔해보이고 성분에 나쁜 짓 안했을 것 같은
괜히 좋은 이미지를 주는 제품이었어요.
하얀 스포이드 일체형 뚜껑을 
잡고 돌려서 열어주면 이렇게 투명한 내용물과
스포이드가 얼만큼 담겼는지 잘 보여줘요ㅋㅋ
제형은 음.. 물같은 제형이긴 한데,
약간은 콧물 제형..?
그렇다고 콧물 스킨 제형이라기엔 묽어서
흐르는 타입이예요. 
뭐랄까 정말 묽은 물타입과 콧물제형의 중간쯤..?
그 중간 언저리를 생각하면 될 것 같아요 ㅋㅋ
거의 다 써가서 기포가 많이 보이네여 ㅠ
하지만 어쩔 수 없어요 ㅎ
그래도 끝까지 잘 써가고 있습니다..!
세안 후 바로 물기가 있는 상태에서
발라주면 더 좋다고는 하는데 사진찍느라 
얼굴 다 마른 상태에서 발랐어요 ㅋㅋ
문질문질 발라주면
금방 흡수되고, 끈적거리지도 않고 
당기던 피부가 금새 괜찮아지는게 느껴져요. 
무엇보다 특히 얼굴에 바르는 제품은
코 근처에 닿다보니,
향이 제 취향이 아니면 꺼려지는데
진한 향이 없는 것도 좋았어요. 
예전엔 홍조가 없었는데..ㅠ
요새 체질이 달라진건지 홍조가 점점 생기네요..ㅠ
수분 채워주기도 급급한데 홍조라니..
피부관리는 이래서 힘든 것 같아요ㅋㅋ
그래도 열심히 관리해서 피부 좋다는 소리 들으면
넘-나 뿌 -듯...ㅋㅋㅋ
그날을 위해 준비합니다..!
다이브인 저분자 히알루론산 세럼 50ml
끈적이지 않고, 빠르게 흡수되며 물과 콧물 중간 제형의 수분 특화 세럼/앰플! 진한 향이 없어서 향을 싫어하는 분에게도 추천!
한통을 다 써본 후기는
일단 좋아요!
화해쇼핑 보다가 스킨천사 비누랑
다이브인 세럼이랑 자작나무 수분크림
셋다 동시에 질렀는데
비누 말고는 일단 성공적이네여 ㅋㅋ
그래도 아직 정착할지는 모르겠어요!
더 좋은 제품을 찾아서..!
혹시 홍조 꿀팁 아시는 분은 댓글로 남겨주시면 
감사하겠습니다 ㅋㅋ
#내돈내산 #스킨케어 #속건성 #건성피부 #속건성피부 #홍조 #피부관리 #내돈내산앰플 #앰플추천 #앰플 #다이브인 #히알루론산 #뷰티 #뷰티인플루언서 #세럼 #수분앰플 #수분세럼 #예민피부 #민감성 #민감성피부 #좁쌀 #좁쌀여드름 "
"안녕하세요
화해에서 이벤트 참여로
토리든 제품을 특가로
살 수 있는 기회가
생겨서
이번 기회에 처음으로 구매하게 되었어요
저는 뭐든
저렴할 때 쟁여두고 쓰는 스타일이거든요!
토리든 토너와 세럼 그리고 마스크팩 10장에
30000원 !
정말 싸죠?
사실 토리든은 제가 잘 모르는 브랜드인데
이미 화해앱 유저들에게는
유명한 회사라네요?
이곳의 많은 제품이
화해 뷰티어워드에서
상위권에 랭크되어 있고
세럼은 올해 무려 1위랍니다
사실 피부가 예민한 저는 
무엇보다 이 제품들의 EWG 등급이
1~2 등급이라
트러블 걱정없이 쓸 수 있어
너무 좋았어요
지금 화해 앱에서 거의 반값 이벤트를
하고 있기 때문에
이번 기회에 한 번 써보셔도 좋을 것 같아요
토리든에서 주신 증정품
토리든에서 받은 증정품 떼샷으로
마무리할게요 !!
#내돈내산
 #토리든 
#토리든다이브인저분자히알루론산토너
#토리든다이브인저분자히알루론산세럼 
#토리든다이브인저분자히알루론산마스크팩
#화해"
"첫번째 리뷰
오늘의 제품은 다이브인 저분자 히알루론산 세럼!!
리뷰는 사실 처음이지만 세통째 쓰고있는
나만의 🍯템
 (공병인증샷!)
내 피부는 수부지+호르몬(?)의 영향으로 트러블이 자주나는 아주 불쾌한 여더럼 피부😅
이런 피부는 유수분 밸런스가 중요하고
약산성 제품을 쓰는게 좋다하여
그냥 여기 저기서 주워듣고 
좋은 건 다 써봄
 그 중 수분 충전에 제일 좋았던 제품이다.
1위라잖아...사야지
일단...끈적임이 없다.
촉촉하다.
두세번 덧바르면 수분천국.
(건조한 내 손...)
(이르케 하는게 블로그..맞아요..?)
여름엔 세번 덧바르고
로션필요없다.
봄, 가을, 겨울엔 유분이 부족할 수 있어서
그날의..상태와 기분에 따라서..
(기분 좋으면 더 바르고 싶어짐)
로션을 바르거나 로션바르고 호호바 오일로
마무리한다.
1년넘게 쓰면서 한번도 트러블 난 적 없고
종종 여더럼쟁이에게 수분을 주기에 충분하다.
예~~난 만족해쒀 
재구매의사 🙋‍♀️🙋‍♀️🙋‍♀️🙋‍♀️🙋‍♀️(5개)
피부샷은 용기가 없어서
다음에~
아무도 안사줘서
내가 번 돈으로
내가 샀고
내가 썼어요♡"
"토리든 다이브인 저분자 히알루론산 세럼
18,000원
저번달에 구매한 토리든 다이브인 세럼 한달 사용 후기 시작합니당~!
올리브영 알바하면서, 사람들이 꽤 많이 사가는 세럼 중 하나이고, 예전에 뷰티유투버 조효진님이 정말 좋다고 극찬하신 제품으로 기억이 들어, 마침 사용하던 세럼이 다 떨어져서, 내가 워낙 건성이기도 하고, 속보습 케어가 필요해서 기획 세트로 구매했어요
기획세트 구성품은 세럼 본품 50ml와 스킨 부스터 30ml, 크림 20ml !
사이즈가 아주 귀욤귀욤~
다이브인 히알루론산 스킨 부스터 (30ml 증정품)
본품 200ml : 14,000원
본품(200ml)은 올리브영에서 14,000원으로 구매 가능합니다
사용하기 전에 비닐을 먼저 뜯어내야해용
스킨 부스터의 성분인 저분자 히알루론산과 5D-복합 히알루론산이 3D네트워크 형성과 세라마이드의 상호 작용으로 피부 진정과 유수분 밸런스를 조절해준다. 그리고 피부 속보습 개선까지 해준다고 합니다
세안 후에 스킨을 꼭 발라주어야하는 이유가 유수분 밸런스를 맞춰주는 거, 다들 아시쥬~~??
사용해본 결과, 스킨 부스터 답게, 묽은 제형으로 빠르게 피부에 흡수 되는 것을 느껴지더라고요  그리고 진짜 속보습이 개선된 느낌!!
토리든 다이브인 저분자 히알루론산 세럼 50ml (본품)
18,000원
50ml로 한손에 딱 들어오는 크기!
올리브영에서 18,000원에 구매 가능합니다
스포이드가 안에 내장되어있어, 스포이드로 간편하게 사용할 수 있어요
스킨 부스터처럼 묽은 제형이에요
이 세럼은 저분자 히알루론산과 5D-복합 히알루론산이 3D네트워크 형성과 D-판테놀의 상호 작용으로 강력한 속 보습케어와 피부 진정을 도와준다고 합니다
마찬가지로 빠르게 피부에 흡수되더라고요
그리고 세럼은 스킨 부스터랑 조금 달랐던게, 바른 후에 광이 돌아서 피부가 좋아보여요
토리든 다이브인 저분자 히알루론산 크림 (20ml 증정품)
본품 80ml: 17,000원
본품은 80ml이고 올리브영에서 17,000원에 구매가능합니다!
얘도 마찬가지로 사용하기 전에 비닐을 떼줍니당
이 크림은 저분자 히알루론산과 5D-복합 히알루론산이 3D 네트워크 형성과 EGF의 상호작용으로 내부에서 외부까지의 보습 & 장벽 강화 시켜준다고 하네요
이 크림은 다른 크림과 달랐던게 비비면 2, 3번째 사진처럼 하얗게 변하더라고요
약간 느낌도 선크림 바르는 느낌슨
근데 좀 더 흡수 시켜주면 3번째 사진 손등 윗부분처럼 묽게 변해서 피부에 흡수되요
신기하더라구용..
이러한 현상은 실리콘 성분 최소화시켰기 때문이래요! 그래서 문지르지 말고, 두드려 흡수시켜주면 투명하게 흡수된다고 합니다
한달 동안 사용한 내 개인적인 후기
아무래도 스킨, 세럼, 크림을 같은 라인 제품으로 사용하면 효과가 극대화 되니까, 기획 상품으로 구매했고, 한달동안 3가지 제품들을 같이 사용해보았어요. 제 피부는 워낙 건성이여서 여름에도 수분크림을 바르고 다니는데, 이 제품들이 속보습 해결해주는데에는 워낙 유명한 제품들이라, 확실히 속보습은 개선이 되었어요. 다만 아쉬운 점은 가끔 이 제품들로 기초 케어를 해주고 화장을 하고 밖에 나가면 한 2시간 후에 피부 겉이 땡기더라고요. 크림이 외부 보습도 개선해준다고 하는데, 솔직히 저는 잘 모르겠습니다. 그런 느낌을 몇번 받은 후에 크림은 좀 손이 잘 안가더라고요..ㅎㅎ 하지만 스킨 부스터랑 세럼은 아주 만족하며 잘 사용하고 있습니다! 지금은 여름이고, 마스크까지 쓰니, 지금 같은 더운 여름보다는 겨울에 더 추천드려요 "
"안녕하세요! 귬이에용 :)
제가 매우 악건성피부가 되었다고 말씀드렸죠 ㅠㅠ
전 스킨과 크림만 바르던 사람인데.....
이제 피부가 선인장마냥 건조하더라구요 ..? 
마스크도  한 몫 한거 같답니다 휴 
보습과 진정을 위해 화해어플을 뒤적거리다가
후기가 많고 좋아서 보습세럼을 구매해봤어요!
제 고민을 해결해 줄 제품은 바로바로!
다이브인  저분자 히알루론산 세럼
정가 22,000원/50ml
저는 화해어플에서 50ml기준  26% 할인된 가격으로 
16,110원에 구매 했었는데용
100ml는 23,900원에 구매하실 수 있답니당 '◡'
저는 이제품을 받았을 떄 딱 눈에 띄던것은!
화해어워드 2년연속 1위한 제품이라고 하네요?
화해어플에 대한 실제 사용후기들이 
신뢰가 가서 자주 이용하던터라 
더욱 기대가 되었어요 듀근듀근,, 
(화해어플 광고 아님'◡')
제품 뒤쪽을 살펴보니 
말라카이트추출물이 들어가있다고 나와있는데용!
띠용 ..?
저도 성분이 어떤 효능을 가지고 있는지 찾아보았어요 :)
말라카이트란의 효능은 
피부노화예방, 피부 내 수분유지 및 콜라겐 생성을
 돕는다고 하네요 '◡'
판테놀이 함유되어있어 
피부장벽개선에도 도움이 되는 제품이네용?
제가 피부과 시술을 받다보니 피부장벽이 많이 약해져있어서 
판테놀이 들어가 있는 제품을 선호하고있어요. 
자 이제 제품을 개봉 해볼게요!
(조명에 의해 실제색상보다 파랗게 나왔다는 점 유의 해주세요)
스포이드 형식으로 되어있어서 사용하기가 쉬운제품입니당
전 처음 구매해봐서  
제 피부에 맞을지 아직 모르기떄문에 50ml로 주문했는데 
큰 용량을 원하시면 100ml 구매해보셔도 좋을것같아요 '◡'
그리고 눈에 띄었던것은,
안에 에센스 질감이 눈에도 보이는것처럼
아주 쫀득쫀득한 액체들이 뭉쳐있는것같은 느낌 보이시나요?
빨리 쓰고싶어지는 욕구 충젼 .
실제로 이제품은 히알루론산이 포함되어있어, 
피부수분막을 형성해주고있어요.
즉, 속보습 개선에 힘쓴 제품이라는것을 알 수 있습니당!
제일 맘에들었던것은 ?!
위험도가 높은 성분들이 들어있지않은 
착한성분제품이라는 점 입니당!
화해어플에서도 검증됐기떄문에  
기능/성분면에서도 1위를 한 제품이겠죠?
이제 제품을 사용해볼게요 '◡'
스포이드로 조심스럽게 떨어트려보았어요.
한번에 쫙 스포이드를 누르면 굉장히 많은양이 나오는데 
전 얼굴에 2번 또는 보습감이 강하게는 3번정도
떨어트려서 사용해주면 충분하더라구요!
향
향은 무향입니다! 전 향이 들어간 제품은 
뭔가 화학성분이 들어갔을것같아서 
선호하지 않는데, 이부분에서 마음에 들었어요 :)
발림성
되게 쫀득할줄 알았는데 물처럼 매우 스르륵 잘 발리더라구요?
얼굴에 2번정도 도포하였을떄물처럼 흘러내리는 정도였어요 
그래서 매우 빠르게 손으로 여러번 흡수시켜줘야합니당!
사용 후
물처럼 흘러내리는 점성이라 
보습감이 부족하진않을까 걱정했지만!
피부에 톡톡쳐서 흡수하니 굉장히 쬰쬰한 느낌이였어요 
손으로 탁 쳤을떄 피부가 손에 딱풀처럼 쭈욱 붙는느낌 아시죠?
보습을 확 잡아주는느낌이였고, 윤광이 매우 잘 올라왔어요.
전 유분기가 너무 많으면 간질간질한데
 따로 그런증상은 없었고, 
가볍지도 무겁지도 않은 느낌이였어요.
내돈내산 솔직후기
2주정도 사용해본결과, 
Good?
뾰루지 진정에도 도움이 많이 되었고 
피부의 탄력과 보습감에 탁월한 제품이에요!
피부가 탱글탱글 쬰쬰! 해지는 느낌이라 수분감이 뛰어나요! 
그래서 전 에센스를 쓰고 안쓰고의 피부 촉촉한 상태의
 차이가 컸어요 건성분들께 극추천!
Bad?
흡수력은 조금 더딘편이였어서
 여러번 두들기셔야 한다라는 귀찮음이 살짝 존재할수 있습니당 
그리고 전 50ml를 구매해봤는데 
2주만에 양이 금방 줄어들어서 
다음에는 100ml를 구매하려구요.
 앞으로는 다이브닌 에센스에 정착할듯싶네요 !!
스킨 크림만으로 건조하시다면 
함께 써보시길 극 추천 드릴게요ෆ
 "
"안녕하세요 
로그로그블로그의 켈로그입니다:)
블로그를 시작하면서 가장 처음으로 
알려드리고 싶은 제품은 바로 제가 2통째 쓰고 있는
토리든 다이브인 저분자 
히알루론산 세럼이에요!
50ml / 28000원
(화해 어플에서 18000원으로 할인 중)
2019 화해 뷰티 어워드에서 에센스/앰플/세럼/부문 1위! 2관왕을 차지한 제품입니다!!
화해 어플을 통해 
20가지 주의 성분 ❌
알레르기 유발 주의 성분 ❌ 
을 확인할 수 있어요 
우리 피부에 안전하다는 것이 이렇게 증명되었죠??
히알루론산 성분은 
피부 보습에 도움을 주고, 
피부 보호, 피부 재생, 소염작용을 해준답니다!
이 제품은 속 건조로 인한 당김이 엄청 심하고
각질이 부각되고 화장도 들떠서 이것들을 
해결해 줄 제품을 찾다가 발견했답니다:)
우선 제 피부 타입은
 1. 여드름성 피부
중학생 때부터 여드름을 달고 살았고, 
성인이 된 후에도 여드름에서 벗어나지 
못해서 피부과에서 처방받은 여드름 약을 먹고 
있답니다ㅠㅠㅠ 
그로 인해서 얼굴 전체뿐만 아니라 모든 신체 부위가 엄청 건조해요ㅠㅠ
2. 민감성 피부
순하지 않은 제품을 쓰면 얼굴이 얼굴이 뒤집어지고 깐깐한 민감성 피부에요
홍조도 엄청 심하답니다ㅜㅜ
3. 수부지와 복합성
이런 깐깐한 제 피부에도 자극 없이 
편안한 제품이었어요
 플라스틱 형태의 외형을 지니고 있고 
우리가 쉽게 볼 수 있는 
세럼의 형태와 같아요
또 위생적이게 스포이드로 되어있답니다
외형의 벽면에 성분들도 적혀있어요!
세럼의 색상은 예쁜 제주바다처럼 
에메랄드빛을 띠고 있어요 :)
제형은 가볍게 흐르는 콧물 제형이에요
이 쫀쫀함이 보이시나요?!
흡수력은 두세 번 두드려주면 바로 흡수되는 좋은 
흡수력을 가지고 있고, 
끈적임이 없어서 머리카락이 얼굴에 붙거나 베개에 묻을 일이 전혀 없어서 너무 좋아요!!
향은 무향에 가까워요
향에 민감하거나 알레르기가 있는 분들에게는 
아주 장점이 될 수 있다고 생각해요
이 제품에서 가장 어필이 될 수 있는
속 건조 해결은 제가 보장할 수 있어요!
얼굴이 건조해서 항상 화장이 뜨고 
각질이 일어났는데 이 제품을 사용한 후에는
한 번도 화장이 뜨지 않았어요 
그리고 엄청 예민한 피부인 
제 얼굴에 자극이 1도 없고 
쿨링감도 느껴져서 열감이 있는 볼 쪽에 
발라주면 진정이 되었어요!
여기서 한 가지의 꿀팁을 더 알려드리자면 
토너-히알루론산 세럼-수분크림
이 순서로 겹겹이 레이어드를 해준다면
촉촉하고 탄탄한 피부를 만들어 줄 수 있어요 :)
바로 제 인생템인게 증명이 되었나요??
속 건조, 당김이 있다면 모두
토리든 다이브인 저분자 
히알루론산 세럼을 써보세요 :)"
"토리든 다이브인 저분자 히알루론산 세럼
50ml
에센스 / 앰플 / 세럼 카테고리에서
화해 어워드 1위!
속보습 케어에 
정말 정말 많은 효과를 본 세럼이에요!
• 저분자 히알루론산과 5D 복합 히알루론산의 수분충전으로
속보습 채워줌
• 맑게 흐르는 제형으로 산뜻하게 흡수되어 끈적임 없이
마무리됨
• D-판테놀과 알란토인, 마데카소사이드를 포함하여 
진정에 도움을 줌
Tip : 더 깊은 보습감을 원하시는 분들은 
손바닥에 세럼을 덜고 오일을 추가해서
두드리며 흡수시켜주세요
- 평소 피부에 수분 부족을 느끼시는 분
- 끈적이지 않는 산뜻한 수분이 필요하신 분 
- 성분을 꼼꼼히 따져 제품을 고르시는 분
추천드립니다👍🏻
스포이드 타입으로 위생적이며
원하는 양 조절 가능하고
약간 콧물제형으로 쫀쫀한 수분감을
느끼실 수 있을거에요!
#토리든 #토리든다이브인저분자히알루론산세럼 #수분세럼
#히알루론산 #수분공급 #저분자세럼 #올리브영
#올리브영추천템 #올리브영세일 #올영세일 #올경세일추천템 #올영
#올리브영세일추천템 #올영추천템 #올리브양토리든 #토리든세럼
#토리든다이브인저분자히알루론산세럼내돈내산 #수분세럼내돈내산
#토리든추천 #수부지추천템 #속보습추천 #올리브영속보습내돈내산
#올리브영속보습 #올영속보습 #올영속보습내돈내산 #히알루론산내돈내산
#올리브영히알루론산 #저분자세럼내돈내산 #토리든내돈내산
#토리든세럼내돈내산 #토리든다이브인 #토리든다이브인내돈내산
#수부지후기 #수부지추천 #지복합추천 #지복합추천템"
"토리든
다이브인 저분자 히알루론산 세럼
50ml
안녕하세요.
LA 리뷰걸 이에요~
제가 여드름 흉터도 좀 있고, 생리 기간 되면 여드름이 나고 좁쌀도 가끔 나고 그래서 스트레스를 받아 화해 앱으로도 엄청 찾아보고 유튜브로 여드름에 관해 많이 찾아봤는데 토리든 세럼이 정말 유명하더라고요.
그래서 한국에서 토리든 세럼을 보내달라고 부탁했어요.
마침 올리브영에서 1+1 행사를 하고 있어 1개 가격에 2개를 샀네요.
이 세럼이 지금 글 쓰는 순간에서도 화해 앱에서 여드름, 지성, 민감성, 건성, 아토피, 복합성, 중성분들의 세럼 부분에서 1위에요.
그래서 그런지 정말 기대를 많이 했어요.
2019년부터 화해에서 1위를 한 세럼이네요.
보니까 화해 앱에서도 100ml에 28,900원에 판매하고 있어요.
지금은 올리브영에서 1+1 행사는 끝난 거 같은데 50ml 하나에 18,000원이에요.
피부를 진정시켜주는 세럼이라고 해요.
토리든 
다이브인 저분자 히알루론산 세럼 
50ml 
18,000원 
저분자 히알루론산과 D 판테놀이 함유되어 있어요.
안 좋은 성분들이 하나도 들어가 있지 않아요.
화해 앱에서 보실 수 있는데, 각각 피부에 도움이 되는 성분밖에 들어있지 않아요.
그래서 더 기대를 했던 것 같기도 해요..
유통기간은 2년 정도 되네요.
하지만 세럼을 오픈하고 나서는 1년 안에 사용하셔야 해요.
보시면 투명한 색에 파란색이 좀 섞인 세럼이에요.
스포이드 형식으로 편하게 사용이 가능해요.
손등에 짜면 물처럼 흐르는 제형이에요.
하지만 바르면 촉촉한 느낌에  쫀쫀한 느낌이 들고, 흡수력 괜찮았어요.
한국에서 택배 오자마자 신나서 바로 그날부터 발라봤는데...
처음 바른 그 다음날에 좁쌀 여드름이 좀 올라오더라고요.
전에 에스티로더 갈색병 샘플을 발랐을 때 첫날에 여드름이 났었는데 그래도 꾸준히 발라주니 그 다음날부터 그 여드름이 들어가고 피부가 좋아지는 느낌을 받아서 며칠은 발라봐야 한다고 생각했어요.
그래서 토리든 세럼을 첫날 발랐을 때 여드름이 났어도 꾸준히 7일 정도 발라봤는데 좋아지는 느낌 하나도 안 들고 좁쌀 여드름이 하나둘씩 나기 시작했어요.
저는 수부지+민감+홍조인데 왜 저한테는 안 맞을까요... 너무 억울해요ㅠㅠ
이 세럼 잘 맞는 사람들은 진짜 잘 맞는다고 하던데.. 왜 저는 안 맞을지...
혹시 4주는 써봐야 하는지도 궁금하네요.
아무튼 7일 정도 토리든 세럼을 써본 리뷰였네요.
LA 리뷰걸"
"안녕하세요.
오늘은 #3초세럼 으로 유명한 토리든 다이브인 세럼 (Torriden Dive-In Serum)을 포스팅하려고 합니다.
속보습이랑 피부결 개선에 좋다고
요즘 핫한 세럼인데 써보니 좋은거 같다고 친구한테 추천받은 아이템입니다.
이 세럼도 약산성 pH5.5 의 세럼이라고 해서 사보았어요 :)
토리든 다이브인 저분자 히알루론산 세럼 리뷰
이렇게 토리든 다이브인 세럼 과 마스크팩 매니아로서 셀메이징 센텔라 마스크팩10장도 같이 주문 했어요!
증정제품으로는 20ml 선크림을 선택했구
전 진한 화장을 하고 다니는 스타일이 아니라서 메이크업 제품들은 도통 줄어들지를 않지만,
365일 선크림을 집에서도 바르고 있는 스타일이라 선크림은 빨리 빨리 없어져요.
써보고 좋으면 선크림도 구입해보려는 의도로 🦄
Torriden
다이브인 저분자 히알루론산 세럼
50ml 18000원
좋은 성분으로 화해 2관왕 👑 을 차지했다는 세럼!
저분자 히알루론산이라 피부 속까지 수분을 빠르게 공급하고 판테놀을 함유하고 있어,
민감한 피부를 진정시켜주는 속보습 수분 세럼이라 명시되어있습니다.
일단 하나만 구입했는데, 써보고 잘 맞으면 지금 세일기간이니까 몇 개 더 쟁여놓으려구용.
🔼  요 파스텔 블루 색상은 말리카이트 추출물의 순수 색상이래요. 
요렇게 스포이드 타입으로 되어있어요.
(네일팁은 데싱디바 😉 )
워터리한 제형이예요!
3-4방울 손등에 떨어뜨려보았습니다. 
제형이 워터리해서 물처럼 흐르네요.
손등에 펴 바른 직후 샷 입니다.
손등에 펴 바르면 빠르게 스르륵 흡수가 되요.
수분감이 있되, 끈적이지 않아서 좋고, 산뜻산뜻한 감이 있어요.
젤 맘에 드는건 무향인 점 🧞‍♂️ 🌿
일주일 써보고 추가 리뷰 남기겠습니다."
"토리든 다이브인 저분자 히알루론산 세럼
50ml / 18,000원
본격 리뷰전, 나의 피부타입/기초루틴에 관한
간략한 설명이니 참고하면 좋을 것 같다!
◻️ 피부타입
1. 수분부족형 지성
: 수분이 매우 부족해서 뭘 발라도 건조하나,
시간이 지날수록 유분은 폭발하는 피부타입
2. 트러블성 피부
: 화농성여드름과 좁쌀여드름이 복합적으로 발생
3. 민감성 피부
: 화장품 잘못쓰면 피부가 뒤집어지기에
특히 기초제품 선택할땐 신중한 편
◻️기초루틴
라운드랩 독도토너 - 나인위시스 수분앰플 - 리얼베리어 익스트림크림 - 셀퓨전씨 썬크림
기존의 나인위시스 수분앰플을 4통째 사용중인데
용량이 적어서 금방금방 다 써버렸다 ㅠㅠ
그래서 겨울맞이 새로운 히알루론산 세럼을
써보고 싶어 찾아 헤매던 중 발견한 “토리든 세럼”
출처 : 화해어플 (2019.11.07 기준)
솔직히 처음 보는 브랜드라 생소하긴 했지만
화해어플로 성분체크 후 구매하는 편이기 때문에
[에센스/앰플/세럼 부문] 1위 제품이자
주의성분도 없길래 한 번 믿어보기로 했다....!
나는 공식몰, 화해, 올리브영을 비교한 결과
올리브영에서 15% 할인하는게 가장 저렴해서
15,300원에 바로 구매했다 (11.01-12.01)
**토리든은 올리브영에 입점되어 있어
오프라인에서 직접 테스트 가능하니 참고하세요!
색상이 연한 파스텔블루톤을 띄고 있는데,
손등에 떨어뜨리면 투명색이다 (마치 수분뿜뿜한 기분)
◻️REVIEW
1. 성분 및 향
-화해어플에서 보면 주의성분 없고 실제로도 순하다
-향은 거의 무향에 가깝다
2. 제형, 흡수력
-콧물제형이지만 바르자마자 빠르게 흡수되고
끈적임이 전혀 네버 없다
토리든 다이브인 저분자 히알루론센 세럼
재생 수
79
0
00:00 | 00:39
화질 선택 옵션
자동

접기/펴기
속보습진정세럼
**제형 및 발림성은 동영상을 통해 확인해주세요
3. 보습, 지속력
: 히알루론산이라는 수분충전을 중점으로 하는
세럼이기에 ‘촉촉한가'라는 관점이 중요 포인트였다
-유분폭발과 수분메마름의 대명사인 내피부..^^
기존 루틴대로 화장했을 때는 뭔가 푸석한데
시간 지나면 유분만 올라와서 피부표현이 so dirty..
그런데 이건 피부에 겉돌지 않고 안에서부터
수분이 차오르는 느낌이여서 피부의 푸석함이
사라지고 화장이 매우매우 잘먹는다 ㅠㅠ
4. 비교(vs 나인위시스 수분 앰플)
-한마디로 토리든은 피부 속을 채워주는 느낌이고
나인위시스는 피부 겉을 채워주는 느낌이다
5. 총평
개인적으로 나인위시스 세럼도 수분감이 충만해
좋았지만 그럼에도 속건조는 잘 안잡히고
내 피부에서는 겉도는 느낌이 있었다
반면에 토리든 세럼은 속건조를 잡아주는 동시에
무엇보다 화장이 잘먹고 오래 수분감이 지속된다
수분감이 채워지니깐 트러블도 덜 올라온다..(ㅠㅠ)
지금까지 써 본 히알루론산 세럼 중
만족도 100% !!!!!!!!!!!!!!!!!!!!!!!!
(+) 2주가량 사용해본 결과 너무 만족스러우며
한 통 온전히 사용한 후, 추가로 업데이트 할게요!
◻️ 업데이트 (2019/12/24)
화해어플에서 추가 구매
토리든 다이브인 세럼 + 팩 + 샘플킷(4종)
혹시 저의 추가 후기 기다리신 분 있을까요..?
토리든 세럼을 어느덧 한 통을 다 써가고 있어요
처음 리뷰했던 것처럼 속건조 잡아주는데는 이만한
세럼이 없어 여전히 매일매일 잘 사용 중이랍니다!
마침 화해어플에서 “2019 AWARDS 1위템”
에센스/앰플/세럼부문 토리든 세럼이 1위더라구요?
그래서 50% 할인하길래 아예 쟁여두고 쓸려고
2개나 더 주문했고 하루 만에 칼배송이 왔습니다
기초제품 정착한 건 굉장히 오랜만..!"
"안녕하세요~
연두입니다!
오늘은 어떤 제품으로 찾아왔을까요~
바로바로!
토리든 다이브인 저분자 히알루론산 세럼 with 곰돌슨~
토리든 다이브인 
저분자 히알루론산 세럼입니다~
현재 올리브영에서는 
토리든 다이브인 저분자 히알루론산  50ml
18000원에 판매하고 있어요!
저는 사실 베이스에 많은 관심이 없었는데
나이도 먹고 날이 갈수록
피부가 점점 건조해지고 땡기더라구요 ㅠㅠ
옛날에는 신경도 안썼을 테지만
설도 지났고
나이도 한살 먹은 만큼!
이제는 피부에 신경을 써보려고 합니다
저는 피부가 원래
속건조가 심한 건성이예요~ ㅠㅠ
베이스로는
#라네즈 크림스킨을 쓰고 있는데
이것도 건성인 저에게 
그나마 잘 맞는 것 같아서 쓰고 있거든요~
특히 스킨이랑 크림이랑 같이 기능을 하고 있어서
편하기도 하구요 ㅎㅎ
그런데 이것만으로는 조금 부족한 것 같아서
지금 리뷰하는
토리든 다이브인 저분자 히알루론산 세럼을 구매하였습니다!
이 제품은
히알루론산을 주로 강조를 하더라구요!
그래서 히알루론산이 뭔지 잘 몰랐는데
피부층의 단계별 3D 네트워크를 형성해서
5가지 고-중-저분자 히아룰론산으로 피부 내부에서 외부까지의
수분보충으로 최상의 피부 컨디션을 끌러올려준다고 해요!
또한 다이브인 세럼은 파스텔 블루 색상인데
'말라카이트 추출물'성분의 순수색상이랍니다!
저는 건성이라고 말씀드렸는데
이제품이
속보습 개선율이 114.94%라고 해요!
(사용전 100% -> 114.94%)
이정도 개선율이면 한 번 도전해 볼만 하쥬?
그리고 저는 이 제품이 좋았던 건
이렇게 
피부에 좋지않은 성분들이 없다는 거예요~
처음에 나와있는 미네랄 오일이
피부에 오일막을 만들어 피부의 자생력을 떨어뜨리고 
 노화를 촉진할 수 있다고해요
그리고 모공을 막아 트러블을 유발하는 성분이기도 하기 때문에
이런 성분이 없다는 점에서
안심하고 사용할 수 있을 것 같았어요!
손등에 한 방울 톡 해보았습니다
사용해보니
끈적임 없는 산뜻한 제형이고
깔끔하게 마무리 할수 있는 제품이더라구요~
그런데 아무래도 수분감이 많다보니
이 수분을 잡고 있어줄
유분감있는 크림과 같이 사용해 주시면 좋을 것 같았어요!
좀더 자세한 제품의 설명은 
https://www.torriden.com/goods/goods_view.php?goodsNo=58
토리든 다이브인 저분자 히알루론산 세럼 50ml
토리든
www.torriden.com
참고드려용~
이제품을 직접 써보니
깔끔한 마무리 감이 좋아서
괜찮다 싶으면
계속 사용할 것 같아요! ㅎㅎ
그래서 이런분들께 추천드리고 싶어요!
속건성, 건조함을 느끼시는 분!
산뜻하게 마무리할 수있는 세럼을 원하시는 분!
성분을 고려하시는 분!
그럼 제품 리뷰를 마치고
다음 좋은 제품으로
돌아오겠습니다~!
총총,,,!"
"안녕하세요! 달.덩.이.입니다:-)
셀더마 히알루론산 세럼을 다 쓴 후
새로운 세럼을 찾기 위해 
화해 앱을 켜서 세럼 랭킹을 봤는데
1위에 
토리든 ‘다이브인 세럼’ 
자리하고 있더라구요!
1위라는 왕관에 궁금증이 유발!
성분을 보고 나서 호감이 생김!
후기를 보고 나서 바로 구매 결정!!
토리든(Torriden)
다이브인 저분자 히알루론산 세럼
50ml / 28,000원
현재 홈페이지에서
35% 할인된 가격인
18,000원에 구매하실 수 있어요☺️
<피부 타입: 수부지/예민성 피부>
구매를 하면
요렇게 팩과  편지봉투를 담아줍니다!
(아주 센스가 넘치시더라구요❤️)
편지봉투는 뭔가? 하고 봤더니
요렇게 클렌징 폼/ 크림/세럼/스킨 부스터 샘플이
와르르르를❤️ 
이제 제품 설명 및 test 들어갈게요!
*요즘 기초 루틴*
다이브인 세럼- 알로에/호호바 오일- 비타민 세럼/
수분크림 
먼저 
전체적인 패키지와 제형을 봤을 때
겉은 유리 용기로
얼마 정도 썼는지 양 확인이 가능하며
스포이드 형식으로 위생적이며
스포이드도 긴 편이라 꽤 많은 양이 한 번에 
올라와 사용하기도 편했어요👍🏻
연한 하늘색의 수분감이 느껴지는 
워터젤의 가벼운 제형이며
연한 하늘색은 인공색소를 첨가한 것이 아닌
‘말라카이트’의 순수 색상이라는 점!
*말라카이트*
피부 노화의 원인이 되는 활성산소로부터 
피부의 스트레스를 예방하려 피부 내부의 수분 유지를 돕고 케라틴, 콜라겐, 엘라스틴의 생성을 도와 탄력 있고 생기 있는 피부관리에 도움을 줌
손등에 발라봤을 때 
굉장히 부드럽게 발리며 바르고 나서도
끈적임이 느껴지지 않았어요!
딱 3분 타이머 맞춰놓고 찍었는데
와 흡수력이👍🏻👍🏻
괜히 3초 세럼이라 불리는 게
아니더라구요👏🏻
바르기 전
‘가벼운 제형이어서 금방 건조해지겠지’
라고 생각했지만 
전혀!
오히려 바르고 나서 촉촉함이 유지돼서 
놀랐던 제품이었어요
특히
다이브인 세럼의 경우 저자극 약산성(pH5.5)
이므로 저처럼 민감하고 예민한 피부가 
사용하기 좋은 거 같아요👍🏻
*속보습을 유지해주는 성분*
저분자 히알루론산 + 5D 복합 히알루론산 + 
D-판테놀
저분자 히알루론산
피부당김 보습효과/ 초저분자의 피부 보습 강화/ 강력한 보습 유지 기능
5D 복합 히알루론산
피부 보습을 유지하는 저분자 히알루론산과 피부 보습 막을 형성하는 고분자 히알루론산의 혼합 배합으로 피부 컨디션을 끌어올림
D-판테놀
자극받은 피부를 진정시키고 수분을 결합시키는 성질이 있어 피부 자체 보습 유지
보습 성분과 피부 장벽 강화 성분이 
이리 많이 들어가 있으니
건조할 틈이 있나
정말
발림성에 놀라고
보습감에 감탄했어요👍🏻
제형 자체가 물체형이기 때문에
끈적임은 전혀 없었어요!
평소 볼과 턱쪽이 
많이 건조한편인데
요 세럼을 쓰고나서 
건조함이 많이 줄어서 
아침저녁으로 열심히 사용중이에요:-)
#토리든 #다이브인세럼 #3초세럼 #5D히알루론산 #저분자히알루론산 #판테놀 #속보습세럼 #피부장벽세럼 #히알루론산세럼 #화해앱1등세럼"
"안녕하세욤*_*
오랜만에 화장품 후기입니다~~~
수부지(수분부족지성) 중의 최악인 쫄
나이 드니까 얼굴도 트고 난리났어요ㅠㅠ
특히 요즘 마스크때문에 ㅂㄷㅂㄷ....
이런 저에게 수분을 채워준 아이!!
물론 100퍼센트 촉촉 수분 팡팡해 진 건 아니지만,
만족하면서 현재 2병 째 사용하고있는!!!
토리든 
다이브인 
저분자 히알루론산 세럼
짜잔~~~~
1+1 일 때 두 병 샀어요~~
18,000원에 구입했습니다.
가성비 끝판왕이쥬??
저는 화해 앱을 맹신하거든요
그래서 이 제품을 처음 구입할 때도
화해 앱에서 꼼꼼히 성분까지 따져보고
신중하게 구입했습니다.
제품을 개봉한 모습입니다.
되게 뭐랄까...
퓨어한 느낌의 케이스죠?ㅋㅋㅋㅋㅋ
늘 보여드리는 유통기한!
정말 넉넉합니다~
그리고 제일 좋은 점 중에 하나인데요,
스포이드 형태로 되어있어서
정말 위생적이랍니당
점도를 보여드리고 싶어서,
GIF로 찍어보았어요.
아주 묽은 느낌은 아닙니다.
저는 원래는 스포이드 째로 
얼굴에 바로 발라요.
독도토너 + 세럼 바른 직후인데,
어때보이시나용 ㅎㅎㅎㅎㅎ
굉장히 잘 흡수된 상태입니다.
얼굴에 도포해주고 문지를 뒤 두드려주면
촉촉~하게 흡수가 되어서
한동안은 세럼만 바르고 있어도 될 정도로 촉촉해요!
하지만 자기 전에는 수분크림도 듬뿍 바르고 있어요~
아침에만 토너+세럼으로 마무리합니다.
제가 피부가 되게 예민한편이라ㅠㅠㅠ
아무 화장품이나 못 쓰거든요.
그래서 정말 꼼꼼하게 따져보고 구입한 건데
얼마나 만족스러우면 두 병 째 쓰고있겠어용!!!
아마 대체 제품이 등장하거나
이 아이가 단종되지 않는 이상
쭉~~ 쓸 것 같아용 ㅎㅎㅎ
여러분도 사용해보세요!!
굿굿~~~
그럼 안녕~~~~~"
"    안녕하세요 
빵순히 입니댱 💚
어제 오늘 부산 날씨가 
낮 최고 기온이 11도 였다가 
오늘 15일 (금)은 16였었다가 
완전 날씨 봄이었는데
일요일부터 다시 추워진대요ㅠㅠ
코로나탓잇지 날씨 급변화에도 
아무런 감정이 없네여..ㅡ
우리모두 아프지 말아요 
😀
오늘도 제가 쓰는 뷰티 제품 
리뷰해드리려고 해용
제 피부는 건성에다가 속건조가 유독 겨울에
심했어요. 그래서 아무리 보습 로션을 발라도
뭔가 속이 채워지지않은 땡기는 답답함이 너무 
싫었어요 ㅠㅠ 스킨은 또 금방 마르고
그래서 로션만 계속 수시로 바르기만하고 참았는데
.
올리브영쇼핑하다가 보게된 광고에 
구매해서 사용해봤는데
속건조없이 수분감있는 겨울을 지내고 있답니다.
그래서 작년에 이어 올해도 구매하고 사용중인
 트리든 다이브인 저분자 히알루론산 세럼 
50ml
색깔이 청초하고 투명하고 예뻐요 그쵸 ✨
하루종일 피부속까지 수분감이 
꽉꽉 채워저있다보니
화장하는날에는 화장도 잘 먹어요 !
뚜껑은 스포이드형으로 되어있어요
콧물??? 같은 제형이라서 
스포이드로 바로 얼굴로 떨어뜨려도
너무 흐르지 않아서 편해요
또 더 촉촉함이 느껴저요
수분 촉촉 ✨✨✨✨
요새 마스크를 쓰고 실내에서는 건조하고 푸석해저서
바르고 난후에는 굉장히 촉촉하고 매끄러워서 쌩얼도 피곤해보이지않은느낌이랄까?(자기만족^^)
요새 데일리로 자꾸만 손이 가는 이유가 있지요. 데일리로 잘 쓸 수 있는 수분세럼 추천을 원하시는 분들에게 딱일 것 같아요.
다양한 유해 성분들도 배제하였기에 예민한 타입도 순하게 쓸 수 있구요. 
환해진 느낌이 들아요. 또한 기름져 보이지도 않고
금방 보송보송 해진답니다 ❛˓◞˂̵  
세럼 추천 아이템으로 이거 꼭 한번 써보기를 
바랄게용 ❛˓◞˂̵  "
"[토리든]
 다이브인 저분자  
히알루론산 세럼 50ml
내돈내산
 안녕하세요! 또디입니다 😁
오늘은 저의 첫 세럼 리뷰를 해보려고 해요.
사실 리뷰할 생각 없었는데 직접 써보니까
너무 좋아서 공유하려고요~
현재  화해에서 18,000원에 구매하실 수 있어요.
또디는 세일할 때 구매해서 
16,900원에 구매했습니다 ^.^ 
저는 어플 화해에서  구매했어요~
또디의 첫 세렴은 무려 화해 앰플/ 세럼
1위 제품입니다><
저는 복합성에 민감한 피부라서 
화장품을 살 때 신중한 편이에욤
리뷰가 좋아서 구매해 봤는데 만족도 100%
무겁지 않고 가볍게 발려서 여름에
부담 없이 바르기 좋은 제품입니다.
바르기 전                                            바른 후
바르기 전에는 건조해 보이는데
바른 후는 촉촉해한 거 보이시죠?
세럼 구매 전 스킨, 로션, 크림만 발랐을 땐
많이 건조했는데 세럼도 같이 발라주니
건조하지 않고 피부가 숨 쉬는 기분이에여~
[리 얼] 세럼 바르는 생생한 영상
재생 수
7
2
00:00 | 00:15
화질 선택 옵션
자동

[리 얼] 세럼 바르는 생생한 영상
세럼 바르기 전후를 사진으로만
표현하자니 아쉬워서 영상으로 담아봤어요.
귀차니즘 심한 저를 영상까지 찍게 한
만족도 100% 세럼입니다><
찐득 거리지 않고
묽은 제형으로 가볍게 흘러내려요!
피부 속 보습케어까지 해준답니다~
이번 포스팅에는 영상과 움짤이라니..
또디 무리 좀 했어요!!
생에 첫 화장품 리뷰라서 
설레는 마음으로 준비해봤습니다.
다음에도 좋은 포스팅으로 찾아올게여ㅎㅎ
또바~~ (또디 바이라는 뜻)
또디의 재구매 의사 : ★★★★★"
"기초화장은 스킨, 로션, 
수분크림으로 충분했는데
이제는 그것만으로 충분하지가
않다ㅋㅋㅠㅠ
(더러운 이야기긴 하지만
집에 있을 때 아침에 고양이 세수만 하고
로션을 안 발라도 하루죙일 잘 버텼는데..
20대 중반이 되고서는
 눈가에 꼭 바세린 바르고 
잔다,,)
사실 얼굴이 건성이라
오일이나 세럼이 필요하긴 한데
 워낙
민감피부이다보니 좋은 오일이라고 
해서 산 것도 트러블이 났다ㅠㅠ
 근데 겨울이 되고 나서 
속건조가 더욱 더
심해지다보니 세럼을
사용해야겠다 싶어
 화해어플에서 
세럼을 찾아보았다.
토리든
다이브인 저분자 이알루론산 세럼
(속보습진정세럼)
화해 어플 
에센스/앰플/세럼 부분에서
랭킹 1위를 하고 있는 토리든 
다이브인 저분자 히알루론산 세럼!
(이름이 무지 긺)
후기도 좋고 나쁜 성분도 하나도 
없어서 바로 샀다.
정가가 50ml에 28,000원인데
50프로 세일을 해서 2통을
27,800원에 구입했다:D
내용이 길어질 것 같아 후기만 
원하시면 스크로를 내리셔서
토리든 사용후기만
보시면 됩니다!ㅎㅎ
화해어플에서 시켰더니
증정상품으로 샘플키트랑
팩이 왔다.
화해 랭킹 1위 스티커가
붙여져있다ㅋㅋ
50ml라 크기가 
앙증맞다.
샘플 키트가 들어있는 포장지.
여행용 키트로 쓰면 좋을 것 같다
토리든에서 만든 화장품 성분을 
보니 유해성분이 없는 순한 
제품만 만드는 것 같다.
또 다른 증정상품으로 온 팩은
미백기능 팩이라 시원하게 
사용하면 미백과 진정효과에
좋을 것 같다.
토이든 세럼 사용 후기
확실히 속당김을 많이 잡아준다는
느낌을 받았다.
내가 쓰는 로션과 수분크림도 
충분히 촉촉하긴한데 워낙 건성이다 보니
금방 날라가는 느낌을 받았는데 
세럼을 바르고 
로션, 수분크림을 바르면
속건조를 잡아주다보니 
기초화장이 더 탄탄하게 되는
듯한 느낌을 받았다.
콧물같은 제형에 끈적임이 별로
없다보니 나중에 로션을 바를 때에도 
편하고 요새 손도 많이 텄는데
손에 한방울 떨어뜨려도
촉촉해지고 좋다.
무엇보다 가장 좋은 점은 
내가 정말 극극극예민피부인데 
발라도 처음에 살짝 화했던 느낌만 
나고 얼굴이 붉어지거나 트러블
나는 것 없이 잘 쓰고 있다는 점이다.
단점은 아직까지 없는 것 같다.
그나마 꼽자면 드라마틱하게
촉촉해지지는 않는다는 점을 
꼽을 수 있겠다. 
(사실 속건조를 잡아준 것 만으로
충분히 만족하면서
잘 쓰고 있다!)"
"토리든 다이브인 저분자 히알루론산 세럼
올리브영 단독 1+1 기획세트
가격 : 18,000원
유-하!
안녕하세요 유아입니다
오늘은 우연히 유튜브를 보다가 한 유튜버분이 인생템으로 뽑은
토리든 다이브인 저분자 히알루론산 세럼 리뷰를 준비했어요
동영상 보자마자 그 다음날 바로 올영에 구매하러 갔어요ㅎㅎ
현재 올리브영몰에서도 베스트 상품으로 꼽히고 있어요
2개에 18,000원이라니 가격 너무 착하지 않아요?
토리든 히알루론산 세럼은 2019년 화해 어워드 세럼 부문에서 1위를 하고
다양한 어플들에서 랭킹 상위권에 들었다고 하네요
그것도 오직 제품력으로만 인정받았다구요!
다이브인 저분자 히알루론산 세럼은 
저분자 히알루론산과 5D-복합 히알루론산이 3D네트워크 형성과 
D-판테놀의 상호작용으로 강력한 속 보습과 진정 피부를 만들어준다고 하네요
이렇게 제품 뒷면에는 토리든 포뮬러 팩트 22가지 성분 중
단 한가지도 타협하지 않은 제품이라고 나와있어요
제품은 이렇게 스포이드 타입으로 위생적이게 사용하기 좋아요
손에 올려봤을 때 제형이 되직한 편은 아니고
묽은 편에 속해서 올리자마자 주르륵 흘렀어요
그렇다고 완전 물 형태의 제형은 아니에용
손에 두드리니까 금방 흡수되네요
얼굴에서 겉도는 형식의 세럼은 아니고
가볍게 바로 흡수가 되었어요
한 쪽 얼굴에 발라보았는데요
제형이 금방 흡수되어서 사진으로는 확실하게 구분하기 어렵네요
번들번들한 에센스나 세럼이 싫으신 분들이 좋아할 거 같아요
특히 지성 피부 추천!
어느 쪽을 발랐는지 알겠나요?
잘 구분이 안가시겠지만 오른쪽에 발랐어용
조금 광이 더 나지 않나요..?
안그래도 요즘 세럼이 필요했는데 이 참에
잘 구매했다는 생각이 드네요
특히 이 가격에 2개나ㅎㅅㅎ
날이 풀리고 따뜻해져서 아마 금방 또 여름이 올 것 같아요
이 토리든 제품은 완전 건조한 여름보다는
지금 같이 따뜻해질 때 가볍게 유분기 잡기 좋은 세럼인 것 같아요
1+1 기획세트는 현재올리브영 홈페이지와 오프라인 매장에서 구매 가능하구요
매진이 되기 전에 빨리 구매하시는 걸 추천해드려용
가볍게 바르기 좋은 히알루론산 세럼 완전 추천이용
#토리든 #다이브인저분자히알루론산세럼 #올리브영세럼 #올리브영 #토리든세럼 #토리든히알루론산세럼 #토리든다이브인
#토리든다이브인저분자히알루론산세럼 #히알루론산 #히알루론산세럼 #히알루론산에센스 #토리든에센스
#토리든내돈내산 #내돈내산 #올리브영추천템"
"안녕하세요!!!
쯔잉입니다 ㅎㅎㅎ
너무너무 건조한요즘 ㅠㅠㅠ
정말 얼굴이 급땡기기 시작하고
크림을 듬뿍발라도
속건조가 생기는 거예요...
뭔가 얼굴이 안쪽에서부터 땡기는데
만져보면 피부는 크림이 분명 묻어있고...
여름동안 토너,크림 두개만 썼는데
더 유분기많은 크림을 발라도
계속 당김이 있어서 
이번에 세럼을 한번 새로 사봤어요
내돈내산 후기이구요..
제가 화해어플을 되게 자주보는데
이게 1위더라구요?
근데 후기도 좋고...
그래서 산거예요.. 다른 구매이유는 음슴 ㅋㅋㅋㅋㅋ
토리든 다이브인 저분자 히알루론산 세럼(속보습 진정세럼)
화해 쇼핑몰에서 구매했는데
마스크팩 2장도 같이왔어요
이름도 속보습진정세럼이라니...!
너무내가 원하던 거쟈나!!!!!
하고 샀는데 진짜 그럴지는 발라봐야 알쥐
화해쇼핑몰도 매번 가격이 바뀌어요
저는 쿠폰써서 13900원에 구매했어요
정가는 50ML ,28000원
할인가격이면 세럼치고 저렴한편!
세럼들 왜케 다 비싼지 몰겠어요ㅠㅠㅠ
성분은 요래요래
피부에 흡수가 잘되는 저분자 히알루론산을 사용해서
속건조를 개선시켜준다..그런 말인듯
판테놀도 들어있고 약산성세럼이라네용
사실 토리든...
처음들어보는 브랜드구용
화해에 처음보는 신생브랜드들 많아요
근데 다 좋은성분이다~~~인채에 무해한성분없다~~~해서 인기있어진 제품들
무튼 저도 그래서 사봤지만요 ㅋㅋㅋㅋ
토리든 세럼
한번 사용해봤어요
일단 색은 투명한 하늘색
스포이드 형이구요
굉장히 묽어요
완전 물은 아니지만 물처럼 흐르는 미끌한 제형
향도 딱히 없고 딱 느껴지는게 순하다..
(그나저나 왜 동영상만 찍으면 색이 저렇게 어둡게 나오지... 저 저렇게 까맣지않아여ㅠㅠ)
딱 바르면 느껴지는 수분감!!!
미끌거리면서 순식간에 얼굴에 펼쳐지고 (발림성 굳굳)
수분광채가 느껴져요
제가 얼굴에 막이 씌여진듯 답답하게 발리는 제품 싫어하는데
이건 그러지 않았어요
흡수도 꽤 잘되는편
(전/후)
흡수되고 나면 약간이렇게 광택감 있는 마무리가 돼요
저분자 히알루론산이라서 흡수가 잘되는건가..?
무튼 그래요
따로 트러블반응 없었구요
근데 저한테는 약간 가볍게 느껴지더라구요?
분명 수분감은 많은데...
수분감만 많은 느낌이랄까
좀 더 영양감있고 피부에 에너지,탄력..?을 주는 세럼을
사용하는게 더 낫겠다 싶었어요
세럼에 유분감이 좀 적기때문에
건성분들은 유분기있는 크림 필수로 사용해주셔야 하구요
이거 써서 속건조가 개선되었냐?
하면 한 70점정도 줄 수 있을듯!
완전히 속건조가 개선되진 않았지만 
이 세럼 사용하고 다음단계 제품이 좀 더 잘 먹는듯한 느낌을 받았거든요
그것에 도움을 받은건지...
이제품 하나로만 속건조를 개선시켰다고 보기는 좀 무리가 있는게
건성인 제 얼굴에 가벼운 제형탓인거 같아요
진정기능은 딱히 못느꼈고 정말 수분감만 있는제품!
그래서 
요 세럼은 정말 다른거 필요없이 순한세럼!
난 수분감만 필요하다! 하시는분
수부지이시거나 10대분들중 세럼 써보고싶다
하시는 분들께 추천드려요~
일단 가격이 저렴하고 성분이 좋으니까요 ㅎㅎㅎ
가격이 저렴한편이라 일단 부담없이 좀 팍팍 바르고 있어요
아! 화장밀림없어서 아침에 발라도 괜찮더라구요
이것도 장점인듯
저는 다른 세럼 써보고싶어서 다쓰면
재구매의사까진 없지만
그래도 순한세럼,가성비좋은세럼 찾으신다 하시면
한번 사용해보시라고는 할것같아요
(나이들었나 요샌 로션대신 세럼이 좋으다...ㅎ)"
"토리든 다이브인 저분자 히알루론산 세럼!
화해 어플 사용하시는 분이라면
좋다는거 다들 알고계실거에요!
사실상 3번째 구매이지만 포스팅은 2번째에요.
토리든 히알루론산세럼 한번 쓰니까
못헤어나오겠어요..ㅠㅠ
겨울에 속건조 해결해주는 속보습 속수분 짱짱한
토리든 히알루론산 세럼!!
아직도 화해 세럼부문 1위를 차지하고 있죠ㅎㅎ
토리든 다이브인 크림은 안맞았는데
세럼은 왜케 잘맞는지 ~~♡
저분자 히알루론산을 말라주거나 먹어줘야
피부 속 깊은곳까지 수분을 공급해준다는거
다들 알고 계셨나요?!
판테놀 성분까지 있어서 민감피부를 진정시켜주는
진정 수분 세럼.
성분은 뭐가 많이 있지만
다 좋은 성분들이에요!!
알레르기유발성분은 없으니 안심하고 사용할수 있어요.
약간 푸른빛이 돌지만 색소 아니에요!!!!
말라카이트 추출물의 순수 색상이라고 하네요!
다시한번 강조하지만
저분자 히알루론산이에요!!!!
그러니 수분감이 안좋을수가 없죠~
스포이트라서 위생문제NoNo.
양조절에도 문제 NoNo.
아주 쯔왑쯔왑 잘 빨아들인답니당ㅋㅋㅋ
바를때는 푸른빛의 색깔이 잘 안보여요~
약간 콧물 섞어놓은 제형이라
피부에 발라놓으면 굉장히 쫀쫀!!
광까지 난답니다 ㅎㅎ
겨울에 쓰기 너무 좋은 속수분세럼!
발림성이 엄청좋아요!
아참, 하나 꿀팁을 드리자면!
세안 후 수건으로 닦지 마시구요, 얼굴에 수분 남아있는
그 상태로 토리든 히알루론산 세럼을 발라주세요!
히알루론산은 수분을 다 끌어땡겨모아서 피부속으로
저장하는 역할을 하기때문에 수분이 많은 상태에서
바르면 더더욱 좋답니닷><
속건조를 해결해주는 가득찬 수분감 보습감!
속수분 속보습 잘해주는것만으로도
각종 트러블이나 홍조 해결 가능해요.
토리든 히알루론산세럼 한번 사용하시면
끊지 못하실거에여 ㅎㅎ
// 본 포스팅은 내돈내산 후기입니다 // "
"[ 내돈내산 후기 ]
요즘 너무 건조하고 추운 날씨에 코로나 장기전으로 
마스크까지 너무 오래 쓰게 되면서
피부가 정말 예민해지고 건조해지더라구요..
이젠 여러 단계를 거쳐야만 수분감 이 채워지는 
수부지 피부가 되었어요.
계속 예민해지고 건조해지는 피부에
수분과 건강 둘 다 꽉차게 채워줄 보습템 발견했어요.
저만 알기엔 너무 좋은 효과 본 템이라 공유해요 : )
아무리 좋다는 수분관련 제품을 발라도 
건조함 느끼시는 분들 있으실 거예요.
제가 바로 그랬거든요. 
 수부지의 전형이라고 할 수 있는 분들,
그리고 건성이신 분들
스킨케어 때마다 많이 고민되죠. ㅜㅜ
토리든 다이브인
저분자 히알루론산 세럼
' 3초 세럼 '으로
빈틈없이 빠르게 수분을 채운 제품이에요.
히알루론산이 피부에 흡수되어 수분감을 유지하려면
 아주 작은 크기여야만 가능하다고 하더라구요.
토리든 다이브인 저분자 히알루론산 세럼은
그 이름에 걸맞게 저분자 히알루론산과 
5D 복합 히알루론산으로 속보습을 채워줘요.
히알루론산을 화장품에 응용한다는 주제의 
논문을 참고해 만들었기 때문에 
제조 과정 또한, 그만큼 
논리적으로 검증된 제품이기도 하구요.
유리병 + 스포이드 디자인이 깔끔하고 예쁘죠.
화장대 위를 더 산뜻하게 해준답니다 *_*
제조 과정도 중요하지만, 
실제 사용자의 후기가 중요하겠죠?
이미 화해, 글로우픽, 올리브영
 에센스 / 앰플 / 세럼 부문에서 
1위한 제품으로 유명하신 건 다들 아실 거예요.
하지만...
이렇게 검증됐다고 하더라도, 
나에겐 안 맞지 않을까, 나는 다르지 않을까
걱정하시는 분들께
무조건 잘 맞을 거라는 확신을 제가 드릴 순 없지만!
[ 예민 , 건조 , 수부지 , 지루 피부염 , 가려움 ]
을 모두 가진 제가 써봤을 땐 
눈에 띄는 효과를 준 제품이에요. 
관리실을 다녀와도 홈케어가 안 되니 
수분 지속이 안 돼서 많이 아쉬웠고,
여러가지 제품을 써봤는데도 쉽게 해결되지 않던 피부라
저에겐 정말 사막의 오아시스와 같은 고마운 존재랍니다 :)
스포이드 + 제형사진
용기는 스포이드 형태로 되어있어 
굳이 손에 덜어낼 필요 없이 
바로 얼굴 위에 올릴 수 있어 위생적이에요.
제품 용액의 컬러는 맑은 하늘색으로,
색소를 넣은 게 아니라 
제품 본연의 색 그대로인데
더 산뜻한 느낌을 주는 것 같아 좋더라구요,
향료도 없어 더 건강한 느낌.
제형사진
제형은 살짝 점도 있는 형태로
제품에 공기방울이 생겨있어요.
점도는 있지만 끈적임 전혀 없이 
산뜻하게 그리고 빠르게 흡수 된답니다.
  흡수 전 후
after 사진처럼 깨끗하게 마무리되는 보습감으로,
이렇게 수분이 채워질까? 싶지만
시간이 지날 수록 피부가 더 
편안 + 건강 해지는 게 느껴져서
아침 저녁 세안하고 매일 바르고 있어요.
저는 정말 고생 중이던 
좁쌀 + 가려움증도 점점 해소되고 있답니다~
(좁쌀이 거의 다 들어갔어요 ㅜ_ㅜ감격)
마스크와 겨울철 건조한 날씨로
좁쌀 여드름, 각질이 많이 올라오잖아요.
피부 속부터 꽉꽉 수분을 채워주기 때문에
여러 피부 고민들을 한 번에 해결할 수 있어서
효과 짱이에요~~
현재 세일도 하고 있으니
이 기회에 많은 검증을 받은 
촉촉하고 건강한 수분 앰플 겟하시고 
피부 건강 되찾으세요 ^^
토리든
나를 위한 피부 길잡이, 토리든은 최상의 원료와 최적의 배합을 통해 좋은 제품을 제시합니다.
www.torriden.com"
"안녕하세요 구리에용
                                                                  우선 리뷰하기에 앞서 저의 피부에 대해 알려드리려 해용!(굳이.............?!?!?)
저는 21년을 매끈한 구릿빛 피부로 살다가(어쩌다 여드름 하나) 잘못된 화장품 사용으로 민감성 수부지 여드름 피부가 되어 회복중인 단계에요......
처음 여드름 피부를 접했을땐 엄청난 스트레스 였지만 같은 실수를 반복하고 싶지 않아서 요즘은 성분도 체크해보고 산답니다
(구리는 원래 귀차니즘이라 일단 사보고 피부에 안맞으면 속으로만 웅얼거리고 새로삼)
거진 2년동안 여드름피부와 사투 끝에 2020년 2월4일 여드름과 종전을 선언하려고 정말 열심히 찾아보도 기초제품을 싹다 바꿨어요!!!!!!!
짝짝짝짜까짝
그렇게 리뷰를 하게 된 아이는 토리든 다이브인 저분자 히알루론산 세럼 입니다!!
°˖✧◝(⁰▿⁰)◜✧˖°
우선 요아이는 푸른빛의 투명한 색감과 가벼운 제형의 세럼이에여
이렇게 물처럼 쓰윽 흘러내려용
문질렀을때 저분자는 촉촉하고 부드럽게 흡수되고
                    고분자는 쫀득쫀득하게 흡수된답니다!
무엇보다 가벼워서 더 좋았어요!
 저는 찐득거리고 무겁게 발리는걸 정말정말정말 싫어해요!!ㅜ.ㅜ
피부가 답답하고 숨을 못쉰다고 소리없는 괴성을 지른답니다
(시트팩도 하고나서 물로 헹궈용)
요거는 촉촉하면서 부드럽게 발리는데 생각보다 그 촉촉함이 오래갔어요
제가 여태바른 에센스,세럼들은 바르고 30분 이내로 날라가서 부드러움만 남았는데 1시간 후에도 촉촉함이 그대로 있더라구요!!
속건조에 좋을듯 해요
쓱쓱하고 톡톡하면 피부속으로 싸악 들어가는게 보이는데 신기하더라구요
블로그를 하기 전에는 그냥 손에 철퍽 얼굴에 철퍽 촵촵 끝이였기에 몰랐는데
제손에 올려서 직접 보니 뭔가 신기하더라는..ㅋㅋ
톡톡 두드리다 흡수됬을때에요! 
저는 수부지 피부라 겨울에 요아이와 다른아이로 번갈아가며 지내지만 건성분들이 겨울에 쓰기엔 건조할수도 있겠다 싶더라구요
속건조 채우시려는분들, 지성인데 수분만 필요하다 하시는분들 꼭 써보셨음 좋겠어요!!
그럼 다음리뷰는 저분자 세럼과 어울리는 수부지용 수분크림 추천템 가지고 올께요!
재구매의사율 💖💖💖💖💖
          "
"안녕하세요
오늘은 속건조 수분 세럼 리뷰를 가지고 왔습니다.♥
토리든 다이브인 저분자 히알루론산 세럼
50ml  18000원
저는 화해에서 100ml 용량으로 나와서 
토리든 셀메이징 마스크 10매 증정과 함께 20900원에 구매하였어요 ㅎ
화해 단독이라고 해요~재고 소진 시까지라고 하니 관심 있으신 분들은 화해에서 구매하시는 것 추천드려요.
코로나 때문에 집에서 계속 보일러 틀고 있어서 속 건조가 심해지더라고요.
그래서 속건조잡아주는 제품을 찾다가 
여기저기에서 계속 후기가 올라오는데 좋은 후기들만 있고 
화해 1위인 제품이길래 구매해봤어요.
민감성인지라 항상 화해에서 성분을 살피는데 성분도 착하더라구요.
민감성이신 분들도 성분도 착하고 약산성이라서 자극이 많지 않아 순하게 사용 가능하실 거예요.
피부 장벽이 무너진 탓인지 피부에 닦토할때 살살한다고 해도 스치면 얼굴이 붉어지더라구요ㅠㅠ
D-판테놀을 함유하고있어서 피부장벽을 진정시켜준다고 해서 
꾸준히 발라보려구요.
세럼 색상이 파란 건 색소가 아니라 '말라카이트 추출물'의 순수 색상이라고 해요~
말라카이트는 탄력있고 생기있는 피부관리를 도와준다고 해요.
  제형은 묽은 제형이에요. 
흡수시킨 뒤 끈적임도 없고요.
히알루론산이 빵빵하게 들어가 있어서 수분감 낭낭하구요.
끈적임 없이 촉촉하게 피부가 쫀쫀한 느낌을 좋아하는 저에게 딱 맞는 제품이에요.♥♥
5D 복합 히알루론산으로 5가지의 고, 중, 저 분자 히알루론산이 속에서 겉까지 수분보충을 해줄 수 있는 제품입니다.
3초 세럼이라는 수식어를 가진 세럼답게 순식간에 흡수되어 
피부가 촉촉 쫀쫀해져요. 
기름광이 아니라 피부 속부터 차오르는 수분광이에요.
너무 순식간에 흡수되어서 수분이 금세 날아가지 않을까 걱정했는데 흡수 그대로 수분이 채워지더라구요.♥♬
건성이 심하신 분들은 2,3번 덧발라주셔도 좋을 것 같아요.
복합성 인분들도 부담 없이 사용하실 수 있을 것 같아요.
건조한피부에 수분충전은 가능하나 진정에는 탁월한효과를 기대하기 좀 어려운감은 있어요...
갑자기 업로드하는 중에 햇빛 들어오는데 아침에 바른 세럼의 
광이 계속 남아 있길래 ㅎㅎㅎㅎ
속건조가 고민이 신분들은 이거 한번 고려해보세요~
 "
"화해 어플만 들어갔다하면 토리든 토리든 ㅠㅠ
왠지 모를 거부감이 들기도 했었는데 
제가 사버림 (???)
50ml / 22,000원
100ml / 44,000원 
이번 달 들어서면서 너무 푸석푸석하고 
찢어질 듯 한 건조함을 많이 느꼈는데
역시 수분을 채워 주는 게 제일 중요한 것 같아요
에센스단계를 신경써야함
워터/세럼 타입으로다가
수분크림보다 보습크림보다 더더 중요
즉각적으로 충전!
피부가 쏙쏙 잘 먹는 것도 느껴지고
건조함이 딱 잡히는 효과
한번 가지고는 아쉬워서 한번 더 레이어링해요
이게 좀 단점ㅋㅋ 헤퍼요 ㅠㅠ
토리든 세럼 방울방울 제형 가벼워요
재생 수
12
0
00:00 | 00:06
화질 선택 옵션
자동

접기/펴기
토리든 다이브인 저분자 히알루론산 세럼 제형
방울방울 제형한번 보세용
피부 열감도 즉각적으로 내려주고
미끈함이 거의 없어서 좋습니다
사이즈가 큼직한게 속이시원💙
 한 달도 못 쓰고 100ml 재구매해버림
정가는 4만 4천원으로 되어있는데
화해에서는 26,900원 ㅋㅋ
푸른빛을 띄고 있는데 이것도 나름 매력이에요
말라카이트 추출물이 들어가서 영롱한 색상을 내고 
광석에서 추출한 자연 유래성분이라고 하네요
지금 우르르 화장품 쏟아지는거 머리아프거든요
가성비 짱이고 무난하니까 손이 엄청 잘가요
그것만으로도 좋은 점수 받을만한 것 같습니다
기초적이고 성분간단해서 클린한 이런 제품
이 시국에 딱 좋아요🙌🏻
#내돈내산 #토리든 #히알루론산세럼 #속건조세럼 
#저분자히알루론산 #수분세럼 #블루세럼 "
"토리든 다이브인 저분자 히알루론산 세럼 
사용 3일차 내돈내산 후기
이름이 너무 길어서 치는데만 한참이다.
아무튼 요새 화해 앰플 카테고리 어플 1위를 
달리고 있길래 구매해보았다.
원래 화장도 많이 하는편도 아니고
스킨케어도 토너-수분크림으로 끝내는 타입.
건성인 이유도 있겠지만 요즘 갑자기 피부가
갈라지는 수준으로 건조해져서
1+1로 팔길래 구매해보았다.
원플원 개이득
용기가 이쁘고 색도 딱 하늘색이라
내맘에 아주 쏙든다.
바르면 이렇게 된다.
바르고 루미큐브 한 판 했을 때도 
촉촉함은 남아있었다.
세안 후에 토너로 정리하고 얼굴에 발라주고
수분크림까지 바른다.
💎
오늘이 사용한지 정확히 3일짼데,
그냥 무난 그 이상 그 이하도 아니다.
확실히 갈라지던건 많이 가라앉았다.
그냥저냥 진짜 무난 그자체
3일로는 모르겠고 일단은 계속 쓸 예정이다."
"안녕하세요! 
오늘은 좁쌀여드름 추천 세럼을 들고왔어요!
제가 호호바오일로 좁쌀여드름을 완치하고
처음으로 토리든 히알루론산 세럼을 사용했는데
한 번도 좁쌀여드름이 생기지 않아 추천드려요!!
벌써 사용한 흔적이 보이죠ㅎㅎ (줄어든 양)
뒷면에는 히알루론산이 있어서 빠르게
피부에 수분을 공급한다는 내용이 있고
옆면을 보면 파란색의 내용물을 볼 수 있는데
절.대 자연적으로 나온 파란색이라는 사실
토리든 히알루론산 세럼
재생 수
2
1
00:00 | 00:10
화질 선택 옵션
자동

접기/펴기
히알루론산 세럼
제 피부에 세럼을 올리는데
부드러운 스포이드 느낌이 좋아요!
어느 정도는 묽지하지만 
그렇다고 무거운 느낌은 아니고
탱탱한데 살짝 흐르는 제형의 세럼이에요!
바른 후 피부를 보면
수분이 가득 들어가서 피부가 살짝 반짝이고
피부를 만지면 쫀득한 느낌이 들어요!
하지만 그런 느낌은 오래가지 않고
바로 흡수되니 걱정은 하지마세요!!
이제 성분을 확인하면
정말 클린해요!♡
나쁜게 하나도 없어서
더욱 믿고 사용할 수 있다는 점!!
세럼 사야하는 분들께 토리든 히알루론산 세럼
강.추 드립니다!
#토리든세럼 #히알루론산세럼 #세럼추천 #히알루론산세럼추천 #토리든다이브인저분자히알루론산세럼 #저분자히알루론산세럼 #속건조세럼 #악산성세럼 #꿀에센스제형 #히알루론산피부 "
"화해라는 어플에서 정〰️〰️말 유명한
세럼이 있는데 그건 바로 
토리든에서 나온 다이브인 세럼.
구매이유
이 세럼이 얼마나 유명한지 평점도 높았고, 
세럼을 극찬하는 댓글도 너무 많았고, 
착한 성분으로 이루어졌다길래 
그리고 좁쌀 여드름에 효과적이라길래!!!
세럼을 단독으로 구매할까 고민하던 와중에 
Next image
마침 다이브인 스페셜 세트를 ‘화해’ 앱에서 
판매하고 있길래 구매하게 되었음.
세트인데 이 가격이라고??????? 바로 결제.
좋은 건 듬뿍 써야지라는 마음에 
100ml라는 용량에 혹하기도 했고, 
세럼 단품에 비해 가격이 매우 합리적이라고 
생각해서 결제할 때 망설임이 없었음. 
평소 피부상태
수분 부족 지성 피부 + 복합성, + 좁쌀여드름.
지성피부라 여름에는 번들거리지만 
겨울에는 피부가 땡기는 현상이 있음.
생리주기에는 입 주변에 트러블이 올라오고
기름진 거 먹으면 전체적으로 트러블 약간 올라옴 
민감성 피부인지는 모르겠지만 
쓰던 게 아닌 다른 기초 샘플을 바르게 되면 
바로 좁쌀여드름이 올라올 때가 있고 
(왜 올라오는지 이해 불가지만) 
그럴 때면 안맞는구나! 싶어서 바로 사용 중단.
화장품 유목민
평소에 촉촉하면서 끈적이지 않은 제품을 선호하고 
흡수성이 떨어지는 제품은 기피함.
약간 달팽이크림 같은, 꾸덕한 수분크림 같은,
기초 바르고 볼에 머리카락이 붙는 
그런 찐득하고 미끌미끌한 제형을 완전 싫어함. 
아무리 보습력이 뛰어나다고 하더라도 
그냥 그런 느낌을 싫어함ㅋㅋㅋㅋㅋㅋㅋㅋㅋㅋ
그런데 정말 좋은 제품이라면???
외출 전, 화장하기 전에 바르고 바로 세안.
그리고 피부에 한겹 더 발라지는 듯한 
화장품을 싫어해서(= 꾸덕, 찐득, 미끌) 
산뜻한 마무리감이 있는 기초를 찾는 화장품 유목민. 
사용후기
Next image
찐득한, 기분 나쁜 끈적임도 없었고, 
옅은 콧물같은 제형이라 바르면 바로 흡수되는 듯해서 너무 좋았음. 
흡수력이 좋아서 그런가 바르고 나서 건조해지는 듯한 느낌은 있었지만 그렇게 심하지 않아서 괜찮았음. 
결론
제형도 좋았고, 흡수력도 괜찮다고 생각했는데
뭐가 문제였는지 휴... 중고등학교 때도 안 올라오던 
화농성여드름이 나옴^^
Next image
생리주기도 아니었고 밀가루도 끊은 상태였는데 
왜 갑자기 화농성여드름이 난 건지는 의문
잠들기 전 세안 후 세럼을 바르고 
자고 일어났더니 이마랑 볼이 가려웠고, 
단순히 가렵네? 이정도라서 
다음날도 아무 생각 없이 세럼을 발랐고, 
사용한 지 이틀째에 화농성 여드름이 올라옴ㅠㅠ
내 피부 돌려놔..........토리든......
설마 이 세럼 때문일까 의심하면서 
이 세럼만 다시 사용했더니 좁쌀 여드름 마저 올라옴
이 세럼을 사용하면서 기초화장품 바꾼 적 없고, 
뭘 더 추가했다거나 그런 것도 전혀 없고, 
그냥 단지 세럼을 발랐을 뿐인데 
성인되고 이렇게까지 트러블이 난 적이 없어서 
황당했고, 심지어 생리주기 때보다 
피부가 더 뒤집어져서 어이없었음. 
아니 왜 극찬만 있던 거지? 생각하며 
나처럼 피부에 뭐가 난 사람은 없나 리뷰를 찾아봤더니 아니 있더라구요.ㅠㅠㅠㅜㅡㅜㅜㅠㅜㅜㅜㅠㅜ
심지어 나랑 피부상태 똑같아서 이 리뷰를 보고 
구매할 껄 후회했음ㅠㅠㅜㅠㅜㅠㅜㅠㅜㅜ하...
혹시 좁쌀여드름에 효과적이지 않을까!! 해서
구매하는 사람들이 있을까봐 
주관적인 내 리뷰도 적음...휴......ㅠ
나한테 좁쌀여드름이라는 존재는 
거의 평생 풀어야할 숙제 수준이라 
이번 기회에 좁쌀여드름을 잡아보자!! 라고 
생각한 나 자신 반성해...ㅠ
무튼 화농성여드름, 좁쌀여드름 생기자마자 
화장품 바르는 건 중단했고 
후기를 이제야 적는 이유는〰️
화장품을 중단하고 피부가 다시 돌아왔기 때문ㅎ
진짜로 이 화장품이 문제였구나 싶어서ㅋㅋㅋ
#내돈내산"
"다이브인 저분자 히알루론산 세럼
50ml / 22,000원
(솔직후기는 하단에 있습니다)
요새 가장 핫한 세럼~
피부진정 및 속보습 케어 = 다이브인 세럼
✔️5D-복합 히알루론산 함유: 5가지 고-중-저분자 히알루론산으로 피부에 수분 보충
✔️D-판테놀: 피부진정과 보습 유지 기능
✔️말라카이트 추출물 함유
피부 저자극 테스트 완료⭕️
속보습 인체적용시험 완료⭕️
스포이드로 청결하게 사용하능 합니다~
2~3번 레이어링 해주시면 더욱 쫀쫀한 수분감이 올라와용
🔻🔻🔻
꾸준히 사용하고 있는 제품입니다 ! 
성분이 순해서 트러블 걱정 없고 수분도 채워주고 
피부진정에도 효과가 좋아서 세수하자마자 
바로 바르는 제품이에요 ٩( ᐛ )و 
히알루론산 세럼이라 피부타입 상관없이 잘 맞을거라 
생각합니다! 
화해어플, 올리브영 에서 아직까지도 세럼1위를 
차지하고 있는 제품이기도 하구요 ㅎㅎ 
강추 하는 제품입니다 ~ 💛
#히알루론산세럼 #다이브인세럼 #세럼추천 #수부지세럼 #피부진정세럼 #수분세럼 #지성세럼 #건성세럼 #화해세럼 #세럼1위"
"#민감성 #수부지 #여드름 #내돈내산
#광고아님 #구매인증후기 #화장품리뷰
안녕하세요!!
정~말 솔직하게 화장품 리뷰를 쓰는 똘이입니다.
저의 첫 리뷰템은 요즘 유명템인
""토리든의 다이브인 저분자 히알루론산 세럼"" 입니다.
피부 타입
모공이 크고 피부가 두꺼우며
수분부족형 지성•호르몬성 여드름•민감성 피부
사용 계기
저는 피임약을 5년 정도 장기복용을 했어요. 복용 중에는 호르몬 주기를 맞춰서 피부가 꿀피부가 되었습니다. 하지만 장기복용의 부작용으로 인해 피임약을 중단한 지 일년이 넘었어요. 피임약 중단 후 피부가 많이 안 좋아져서 유목민 생활을 하다 발견한 제품입니다. 그럼 본격 리뷰 해볼게요!!
성분 분석
정제수, 부틸렌글라이콜, 글리세린, 다이프로필렌글라이콜, 1,2-헥산다이올, 판테놀, 소듐하이알루로네이트, 하이드롤라이즈드하이알루로닉애씨드(500ppm), 소듐아세틸레이티드하이알루로네이트, 소듐하이알루로네이트크로스폴리머, 하이드롤라이즈드소듐하이알루로네이트, 알란토인, 트레할로스, 베타인, 프로판다이올, 쇠비름추출물, 버지니아풍년화추출물, 마데카소사이드, 마데카식애씨드, 세라마이드엔피, 베타-글루칸, 말라카이트추출물, 콜레스테롤, 펜틸렌글라이콜, 글리세릴아크릴레이트/아크릴릭애씨드코폴리머, 피브이엠/엠에이코폴리머, 폴리글리세릴-10라우레이트, 잔탄검, 트로메타인, 카보머, 에틸헥실글리세린, 황금추출물, 모란뿌리추출물  (출처:토리든 공식 홈페이지)
주성분 히알루론산
히알루론산이란?
우선 제가 핑크색으로 표시한 성분이 주 성분입니다.
히알루론산 성분인데요,
히알루론산 이란?
각종 안과, 주사제, 상처치유의 목적으로
사용되기도 하며 자신의 무게에 300~1000배의 수분을 끌어당기는 성분으로 보습작용이 뛰어납니다!
(출처: 약학용어사전)
성분의 효능만 봤을 땐 우와~ 하죠?
하지만 단점이 있습니다. 
수분을 끌어당기는 성분이다보니
피부에 수분이 부족하거나,
사용하는 환경이 건조할 경우
수분을 빼앗아 오히려 피부가 더 건조해집니다.
따라서 히알루론산 성분을 똑똑하게 사용하려면
피부에 토너·스킨 등으로 충분한 수분공급 후
욕실같이 습한 환경에서 사용하는 것이 좋습니다!!
주목할만한 성분
성분 파헤치기
- 판테놀 : 흔히 알고 있는 '비판텐' 연고의 성분으로 피부질환의 치료에 사용되거나 피부 장벽 강화에 좋은 성분입니다. 다만 민감성 피부는 과다 사용시 피부염을 유발할 수 있으므로 주의해야 합니다.
- 알란토인 : 피부 트러블 완화에 도움이 되는 성분으로 각질 세포를 없애주는 기능도 있습니다.
- 버지니아풍년화추출물 : 위치하젤에서 추출한 성분으로 피부 진정·모공 수축 역할을 합니다. 다만 천연 AHA(아하-각질제거) 성분이 함유되어 있어서 아하 성분이 안 맞는 분들은 주의가 필요합니다.
- 마데카소사이드/마데카식애씨드 : 흔히들 말하는 시카(병풀)에서 추출된 성분입니다. 마데카솔의 원료이기도 합니다. 상처치유·피부진정에 효과가 있습니다.
- 세라마이드엔피 : 세라마이드라고 들어보셨죠?! 피부 장벽의 성분과 유사한 성분으로 보습에 좋습니다.
출처 : 화해 어플
대체적으로 성분이 좋은 제품이네요.
화해 어플로 성분표를 보아도
주의 성분이 없습니다.
그럼 제 피부에는 어땠을까요?
사용 후기
아쉽지만 히알루론산은 나랑 맞지 않는 걸로
한달동안 사용한 결과,
아쉽지만 제 피부에는 맞지 않았습니다.
속건조를 잡아주는 세럼으로 유명하지만
속건조를 잡아준다기 보단
오히려 더 건조해지는 느낌!
제가 위에 서술한
히알루론산의 특징때문인 것 같아요.
그리고 제 피부가 히알루론산을 중점으로 한
콧물 제형의 스킨·세럼 등
제품들과는 맞지 않아서 아쉬웠습니다.
(ex. 토리든 세럼, 더랩바이블랑두 토너 등!)
트러블이 유발되었어요~
좁쌀이들이 올라왔습니다.
오돌토돌 올라온 좁쌀들..
다만 피부톤이 한 층 밝아진 효과는 있었어요!
사용 전 후 비교
어때요? 사진으로 봐도 티가 나죠.
조명의 차이가 있지만
피부가 밝아진 효과는 있었어요!
하지만 트러블 진정에는 효과를 보지 못했답니다.
히알루론산이 안 맞는 분들은 얼굴이 빨개지며
화끈거리는 느낌이 있으므로, 
꼭 적은 부위에 테스트 후 사용하시길 바랍니다.
맑은 콧물 제형
그리고 모공이 넓은 지성 피부의 경우
피지와 각질 제거가 이루어지지 않으면
모공이 막힐 법한 콧물제형이에요.
따라서 사용에 주의하시길 바랍니다.
이상 똘이의 솔직 후기였습니다!! :)
내돈내산 인증
별점 및 총평
- 별점 : ★★☆☆☆
- 총평 : 찐득찐득한 콧물 제형으로 지성피부가 쓰기에는 무거운 제형으로 각질관리·피지관리가 이루어지지 않을 경우 모공을 막아 트러블이 나는 느낌. 히알루론산 특성상 수분감이 부족한 피부는 오히려 속건조를 유발할 수 있음. 히알루론산이 안 맞는 피부는 화끈거리고 빨개질 수 있으니 꼭 테스트 후에 사용할 것!! 명성에 비해 미미한 효과. 재구매의사 없음."
"안녕하세요 리아 입니다~!
날씨가 추웠다 더웠다 추웠다 더웠다 하네요
아니 어디에 장단 맞추라는거지?
오늘은 
건성들의 잇★템
속건조들의 잇★템
겨울철 잇★템
토리든 다이브인 저분자 히알루론산 세럼을 가지고 왔습니다요 짝짝짝
목차
1. 세럼 후기
2. 총평
3. 구매처
  토리든 다이브인 저분자 히알루론산 세럼 50ml
18000 -> 16200원 구매 (현재 세일 중) 
저는 겨울철에 속건조가 너무 심해서 구매하게 되었는데요, 올리브영에서 이 세럼이 그렇게 잘 나간다고 하더라고요. 
왜 이렇게 유명한지 궁금해서 구매해보았습니당. 
두번째 사진은 성분 보시라고 찍었습니다. 
테스터 해봤을때 스포이드 타입이라 마음에 들었어요. 세럼은 펌프형 보다는 스포이드형이 좋더라고요 뭔가.. 진짜 세럼 바르는 느낌(?)이 들어서리 ㅋ 
점도가 끈적이진않아요. 오히려 가벼운 타입 입니다. 
물과 콧물의 중간이라고 생각하시면 좋을거 같아요. 
바르면 챱챱!! 발라지고 무엇보다 흡수가 굉장히 잘됩니다. 산뜻하고 빠르게 흡수 돼요 
저는 이 날씨에는 극건성 마냥 피부가 매우 건조해지는데요 (아무것도 안 바르면 각질 일어날 정도)
2~3번 정도 레이어링 해서 발라주면 얼굴이 촉촉해지면서 광 나더라고요. 
머리카락 붙는 광(?)이 아니라 산뜻한 광이 납니다 
개인적으로 성분도 좋고, 끈적이지 않고, 속보습을 채워주어서 매우 만족합니다! 
(but, 건성분들은 한 번만 바르면 건조하다고 느껴질 수도 있을거 같습니다.)
총평 
향: ★★★★★(무향)
보습:★★★★ (건성분들은 한 번 바르면 건조하다고 느껴질 수도 있음)
성분: ★★★★★ 
구매 매우 추천!
3. 구매처 
올리브영에서 현재 세일 중이므로,, 올리브영 링크 놓고 갑니다 총총총
https://www.oliveyoung.co.kr/store/goods/getGoodsDetail.do?goodsNo=A000000128643&dispCatNo=1000001000100010003&trackingCd=Search_Result
토리든 다이브인 저분자 히알루론산 세럼 50ml
대한민국 NO.1 헬스&뷰티 스토어 OLIVEYOUNG
www.oliveyoung.co.kr
오늘도 포스트를 봐주셔서 감사합니다.
날이 추운데 건강 조심하셔요!
#토리든 #토리든다이브인 #토리든다이브인저분자 #토리든다이브인저분자세럼 #토리든세럼 #토리든히알루론산 #토리든다이브인저분자히알루론산세럼 #올리브영세럼추천 #올리브영세럼 #올리브영세럼구매 #내돈내산토리든 #토리든내돈내산 #토리든세럼내돈내산 #내돈내산토리든세럼  #히알루론산세럼추천 #세럼추천 #속건조세럼추천 #보습세럼추천 #건성세럼추천 #건성세럼 #극건성세럼 #촉촉한세럼 #산뜻한세럼 #공감 #이웃 #선이웃 #반사 #맞팔"
"이웃님들 히알루론산 효능 많이 들어보셨쥬?
보습에 뛰어난 효능으로 
피부가 수분을 잃지 않게 도와준다고 해요!!
사람 체내의 히알루론산 반 정도가
피부에 있는데
나이가 들수록 줄어든다고 해요ㅠ_ㅠ
그래서 30대초반이 들어오니 이제 슬슬
정말 관리를 해야겠다 싶어
관련 화장품을 막 찾다 발견한 토리든 세럼💜
정가는 28,000원인데 
마침 사려고 할때 세일해서 2개에 이만원대에
엄청 싸게 구매했어요 꺄
묻지도 따지지도 않고 구매한 이유가 
하나 더 있는데요
바로 유해성분이 하나도 없다는거👍
유해성분이 빵이에요 여러분!!!
용량은 50ml라서 금방 쓸거 같아요
지금 쓴지 3주정도 됐는데 반정도 썼어요
유통기한은 개봉후 12개월입니다!!
유분기는 전혀 없고 점성이 살짝 있고
수분감이 정말 풍부해요>_<
피부에 금방 스며들어서 레이어링 해서
바르면 좀 더 피부가 좀더 쫀득해져요
😭=Before / ❤️=After
Before                                         Afer
잇님들 중요한 포인트가 하나 있는데!!!
히알루론산 고분자는 겉보습에
저분자는 속보습에 좋다고 해요
다이브인 히알루론산 세럼은 저분자에요!
피부 예민하시고 속보습이 필요하신 분들에게
적극추천 드려요(๑˃̵ᴗ˂̵)و
직접 구매하여 사용한 후기입니다^^
#토리든 #다이브인세럼 #저분자세럼
#히알루론산세럼 #속보습화장품
#겨울세럼 #히알루론산화장품
#저분자히알루론산세럼 #토리든다이브인세럼
#세럼1위 #속보습진정세럼 #예민피부세럼
#화해 #화해뷰티어워드 #내돈내산"
"앙-하! (앙카하이)
진~~~~짜 오랜만에 앙카 후기쓰를 쓰려고용.
러쉬 슈렉펙 후기가 핫해졌던 때도
바야흐로 .. ㅠㅠㅠㅠㅠㅠ 기어기 ..
다시 제대로 앙카의 후기쓰를 이어가려행 
오늘가져온 아이템은 바로 
3초세럼으로 유명한 요 아이 
 ↓   ↓   ↓   ↓   ↓   ↓
토리든 다이브인 저분자 히알루론산 세럼 
짠 !!!!!!
바로 토리든 다이브인 저분자 히알루론산 세럼 
( 이름도 겁나 기네 ,,)
그냥 토리든 세럼으로 알고있으면 쉬워여
토리든 다이브인 저분자 히알루론산 세럼 
토리든 다이브인 저분자 히얼루론산 세럼
50ml    18,000 
( 아직까지 용량은 이거 하나뿐)
대용량 원해여 ,, 만드러주세여 !!!!
토리든 다이브인 세럼
얘는 이미 입소문이 자자한 템입니당
'화해 에센스,앰플, 세럼 부분' 2관왕
'올리브영 1위세럼'
등등 이미 SNS 에서는 핫한 아이지 
토리든 다이브인 저분자 히알루론산 세럼 
용기 뒷부분에 적혀 있는 것처럼
화.알.못 인 사람들도 알기쉽게 적혀있어여
수분보습, 진정, 속당김을
한번에 해결 해주는 아이템 이라구 ><
저 앙카는 벌써 두통째 구매해서 쓰고 잇어여
  토리든 다이브인 저분자 히알루론산 세럼
재생 수
6
0
00:00 | 00:06
화질 선택 옵션
자동

토리든 다이브인 저분자 히알루론산 세럼
이 아이는 스포이드 타입으로 되어 있어서 
위생적으로 사용할수 있어용 
그리고 동영상과 같이 아주 앰플이 그득그득
꾸덕하지 않고  heavy한 느낌 ㄴㄴㄴㄴ
요즘같은 여름날씨에 쓰기 가볍고 수분수분해
토리든 다이브인 저분자 히알루론산 세럼
재생 수
6
0
00:00 | 00:29
화질 선택 옵션
자동

토리든 다이브인 저분자 히알루론산 세럼
한번더 자세히 보여 줄꺼야  
뷰티유튜버 언냐들 보니까 이렇게 하더라구 ㅋㅋㅋㅋㅋㅋ
한때 뷰티유투버를 꿈꿨었던 적이 아주잠깐 있던 앙카라 
또 요론거 놓칠수 없지 ! 훗 ! 
토리든 다이브인 저분자 히알루론산 세럼 (도포전)
이거슨 핸드크림 조차 바르지 않은 메마른 손등이 
퍼석퍼석해 
토리든 다이브인 저분자 히알루론산 세럼
재생 수
2
0
00:00 | 00:10
화질 선택 옵션
자동

토리든 다이브인 저분자 히알루론산 세럼
손등에 테스트한 후 모습 보여줄거야 
진짜 초크초크하져? 
하긴 뭐든 로션이든 스킨이든 세럼이든 바르면 당장은 
촉촉해 보일수 있찌 
그니까 더 내려봐봐야되 
토리든 다이브인 저분자 히알루론산 세럼 (도포후)
에이~ 이렇게 육안으로 보면 살짝? 조금은 그래도 
손등이 조금 반들반들 해진거 같잔아
근데 여기서 끝이 아니짓 
어제 샤워하고 나서 직후 
스킨 솜으로 슥슥닦아내고 바로 세럼 발라봤지
(사실 실제 데일리 스킨케어 루틴중 하나얌)
사실 너무 귀찬앗어,,
토리든 다이브인 저분자 히알루론산 세럼 (도포 직후)
뜨앗 ..
원래 앙카의 피부타입은 
예민보스 + 수부지 + 좁쌀 +여드름 흔적 (뜨문뜨문) 있오..
진짜 쪼금이라도 알칼리성분 들어가있거나 
자극적이면 바로 뒤집어지지..
토리든 다이브인 저분자 히알루론산 세럼 (도포 직후)
물론 지금 피부상태가 최적의 모습은 아니햐.. 
근데 저 눈 밑쪽에 촉촉한 모습이 보이나여?
사진엔 엄청 드라마틱하게 안보여서 촘 아쉽긴해 ㅠㅠㅠㅠ
그래서 또 영상이 조와하는 앙카는 또 여기서 
아이폰 기본카메라로 적나라하게 담아봣오
토리든 다이브인 저분자 히알루론산 세럼
재생 수
9
0
00:00 | 00:25
화질 선택 옵션
자동

토리든 다이브인 저분자 히알루론산 세럼
내 극세사 타월에 눈길 주지말구 
세럼이 수분수분한거 보셨나들?ㅋㅋㅋㅋㅋㅋ
진짜 스킨케어중 세럼 바르는 단계를 가장 조아해
뭔가 물광피부에 수분으로 가득채워진 느낌이 너무 조크든여 
토리든 다이브인 저분자 히알루론산 세럼 + 재생크림 
짜란. 
평소에는 세럼을 두번 레이어링해서 챱챱 발라도 
딱히 당김을 느끼진 못했는대 
나는 그래도 마무리는 크림을 발라야 좋더라구 
그래서  평소 쓰는 라로슈포제 재생크림까지 발랐더니
수분 + 보습 효과가 더 조앗어여 
토리든 다이브인 저분자 히알루론산 세럼 + 재생크림
어때여??
앙카피부가 하얘서 아주 적나라하게 다 보여져여 
그래서 피부관리를 더 꾸준히 해야해야한단 말입니다.,...
왠만한 잡티를 제외하곤 
확실히 수부지인 앙카에겐 
피부 속 보습케어 + 수분  엔 진짜 좋은거 가타여!! 
사실 한통째 썼을때는 피부상태가 지금보단 좋은편이라 
진정에 큰 효과를 못봤는데.. 
지금 두통째에는 진정 효과를 보고싶네욧 
여름 수분세럼 추천/내돈내산후기/광고아님/3초세럼/토리든 다이브인 (1)
재생 수
6
0
00:00 | 00:07
화질 선택 옵션
자동

여름 수분세럼 추천/내돈내산후기/광고아님/3초세럼/토리든 다이브인 (1)
자 요기까짓! 
기부니 조으니 스노우 한판 찍어주야대
암툰 토리든 히알루론산 세럼 후기는 내돈내산 이라서 
믿고 한번 써보면 괜차늘꼬예요!!!! 
저 앙카는 올영 세일기간에 가서 저렴하게 주고 삿어여
다들 세일기간 노릴것 >< 
다음 포스팅은
잡티세럼으로 유명한 아이소이 소개해주께여 
나이드니까 뾰루지 짜면 흔적이 안없어져여..
그럼 스포는 요기까지 ! 
앙 -빠 (앙카빠이) "
"안녕하세요!
중고등학생때 여드름으로 정말 고민했었는데
수능보고 피부과 다니면서 좀 괜찮아졌다가
다시 은근히 올라와서 세럼을 한번 사봤답니다!!
두둥~!!
 '토리든 다이브인 저분자 히알루론산 세럼'
이름 참 길죠~
피부과를 다녀도 이상하게 좁살 여드름은
못잡더라구요ㅠ
근데 이 아이!!
좁살여드름에 좋다고 해서
(사실 1+1에 혹한거 일지도...) 구매해봤습니다!
올리브영 한정 기획세트 이구용~
병은 플라스틱으로 되어있어요~
캐리어에 넣어도 깨지지 않더라구요(제주도에서 사온..)
음 뭐라고 설명해야하지...
틴트들 처럼 뒤집었을 때 안세게 되어있구요!
사용기한도 엄청나게 넉넉해요~
1+1 사서 지인분들이랑 나눠도 좋지만
혼자서도 충분히 쓸 기간인것 같아요!
후기
저는 앞에서도 말했듯이 여드름이 있는 편이에요!
좁살여드름이 특히요! 그리고 화장은 잘 안하고 파운데이션만
바르는 편인데 피부가 건조해서 그런지 매우 잘 뜨더라구요...
근데 이 세럼 쓴 후로 여드름은 아직 잘 모르겠지만
확실히 덜 건조해졌어요!! 진짜루!
https://www.oliveyoung.co.kr/store/goods/getGoodsDetail.do?goodsNo=A000000135984&dispCatNo=1000001000100010003
토리든 다이브인 저분자 히알루론산 세럼 1+1 기획세트
대한민국 NO.1 헬스&뷰티 스토어 OLIVEYOUNG
www.oliveyoung.co.kr"
"안녕하세요 !
오늘은 속건조에 좋은 세럼을 가져왔어요
토리든 다이브인 저분자 히알루론산 세럼
정가 50ml 28,000원
전에 사용하던 세럼이 다 써가기도 했고
유분기가 많은 제품이라
환절기에 쓰긴 적절하지 않았어요
그래서 구매해본 토리든 세럼 :)
현재 2020년 4월 7일 기준
아직까지 화해 스킨케어 전체 1위더라구요 !
다이브인 세럼은 파스텔블루 색상이며 
'말라카이트 추출물'의 순수 색상이라고 해요
말라카이트는 탄력있고 생기있는 피부관리에 
도움이 된답니다
사진을 다 찍고 보니 손등에 옷자국이 ,, ㅠㅠ
그냥 못 본 척 넘어가주세요 ㅠ_ㅠ
제형은 너무 묽지도 찐득하지도 않은 제형 !
산뜻하게 슉슉 발려요
Next image
바르기 전 / 1겹 / 2겹
아무래도 속보습 수분 세럼이라는 별칭처럼
속보습에 충실한 제품이다보니
얼굴에 드라마틱한 광이 나지는 않아요 !
그래서 1겹 발랐을 때,
2겹 발랐을 때 나누어서 사진을 찍어봤어요
전 속건조를 느끼긴 하지만 심한 편은 아니라
1겹만 발라줘도 충분했는데,
심하신 분들이라면 2겹으로 수분을 짱짱하게 
채워줘도 좋을 것 같아요 :)
🌿사용감
정말 산뜻해요 ! 피부에 유분이 겉도는 느낌이 없이
피부 속에 수분을 쫙 채워주는 느낌이라 좋았어요
바르면 보습막을 씌워준다는 것 보다 진짜 피부 속이 촉촉해지는 느낌을 받을 수 있어요
산뜻한 제형이다보니
여러번 레이어링해줘도 오일리한 감이 전혀 없어
부담스럽지 않아요 !
🌿수분감
히알루론산의 힘 ! 말해뭐해
수분 세럼답게 피부 속까지 수분이 채워져서
속건조를 정말 잘 잡아줘요
속건조가 잡히다보니 불필요한 유분도 올라오지
 않아 번들거림도 없고 트러블에 진정이 되더라구요
레이어링해주면 가벼운 수분팩을 한 것 같은
수분감에 기분이 좋아요
🌿보습력
수분 세럼이다보니
보습감이 느껴지는 제품은 아니에요 !
그대신 차오르는 수분감을 느끼실 수 있습니다..💦
총평 : 💙💙💙💙💙
재구매의사 : 80%
성분도 좋고 사용감도 좋아 재구매의사 있습니다 !
성분이 좋아서 그런건지 
저는 진정에도 효과를 봤어요
처음에 발랐을 때는 아무 효과도 없는 것 같더니
하루 이틀 바르기 시작하니
피부결이 조금 보들보들해지더라구요 !!
제일 맘에 들었던 부분은 
피부 겉에서만 겉돌면서 나는 유분광이 아니라
피부 속에서 나는 건강한 수분광이 돌아요
그래서 더 피부가 좋아보이는 효과도 있는 것 같아요 ㅎㅎ
+ 요즘 나이트케어로
토리든 세럼으로 피부 속 수분을 꽉 잡아준 뒤
닥터지 필라그린 크림으로 장벽을 세워준다는 느낌으로 바르고 있는데 정말 좋아요 !
이 루틴 추천드립니다 👏🏻"
"안녕하세요 ! 
오늘은 제가 너무나도 애정하는 세럼을 널리 알려드리고싶어서 포스팅 합니다 !!
히알루론산이 수분에 최고라해서 한번 온라인으로 구매를 했어요 ! ! 
바르는 순간 촉촉함이 느껴지고 피부에 확 흡수되는 고론 느낌입니당
조금씩 여러번 레이어드해서 바르면 더 짱짱한 수분감을 느끼실거에요 !!
세럼은 이것만 쓰려고요 전 .. 
사용전 
위에 셀카 보시면 
이마에 점같은 자국이 다 뾰루지입니다 ㅠ ㅜ 실제로는 붉기도하구요 
밝은 조명과 화장에도 안가려지는거 보이세요??
2주정도 바른후 
2주정도 일찍자고 세럼 레이어드로 바르고 나서 찍은 사진입니다 ! 
일반카메라로 보정없이 찍었어요  ㅎ̌̈ㅎ̌̈ 
저는 복합성 피부라서  기초제품을 매우 까다롭게 바르는 편이에요 ㅠ ㅠ
조금이라도  스트레스받거나 생활습관이 변하면 바로 이마 트러블 와다아다다닥 
마스크 오래쓰면 바로 턱에 다다다다닥 나요 .. 
아무튼 , 깐깐순이 내돈내산 생에 첫 추천템이였습니다! 
토너도 정말 찐 추천 할 아이템 있는데 그건 다음 포스팅에서 알려드릴게여 !( 소중)
#내돈내산 #세럼 #추천 #리얼 #올리브영 #복합성피부 #예민한피부 
#토리든 #추천템 #기초화장 "
"안녕하세용~다동구리입니당😆
미뤄두던 포스팅을
이제야 하네요
오늘 포스팅 할 제품은
요새 핫한 화장품인
아누아 어성초 77 클리어 패드
토리든 다이브인 저분자 히알루론산 세럼
얼라이브랩 센텔라 드레싱파우더
3가지입니당!
한개씩 포스팅할까 고민하다
기초라인이기도해서
사용순으로 포스팅할까 합니당
내돈내산인증~
3가지 모두 인터넷에서 구매하였고
배송은 2틀 걸렸어용
빠질 수 없는 화해검색😆
아누아제품은
어성초 토너도 유명하더라구요!
올리브영에서 구매 후
아누아 홈페이지에서 인증하면
결제금액 100%포인트로
전환해주는 역대급 이벤트즁
웨우입니댱
세럼은 안 챙겨바르는데
요새 여드름이 너무 올라와서ㅠ
여드름은 수분충전이 중요하다길래
문제성분도 없는 것 같아
구매해봅니당!
센텔라 드레싱 파우더는
지인이 알려줘서 구매하게 되었는데
피지조절/트러블케어 파우더라구요
기타1위인 제품인데
기타부문은 뭐쥬..?
파우더 부문인가유..?ㅋ
아누아 어성초 77 클리어 패드
160ml(70매) / 28,000원
토너도 이벤트중이라 사고 싶었지만
독도토너가 남아 있기도 하고
토너와 패드 2개를 쓸 필요는
없을거 같아 쿨하게 패쑤
아누아제품들은
주 성분함량지수가 크게 적혀 있어서
시각적효과도 있는 것 같아용
어성초 77 클리어 패드는
저자극 각질제거, 피지분비억제, 피부진정이
주 기능이에용
유통기한도 짱짱합니당
비닐보호막이 있고 집게와
함께 들어있어용
사용법은 엠보싱 패드로
얼굴전체를 닦아주고
반대면으로 피부결 정리!
충분히 적셔 있어서
아래쪽에 토너가 남아있더라구요ㅎㅎ
다 쓰고 나중에
토너와 솜만 구매해서
재사용 해야겠어용
토리든
다이브인 저분자 히알루론산 세럼
50ml / 22,000원
이름부터 수분빵빵한 느낌
예쁜 파스텔블루 색깔은
말라카이트 추출물의 순수색이라고 하네용
토리든제품 중에
다이브인 저분자 히알루론산 세럼이
제일 유명하더라구용
토리든세럼은 저분자로
피부속 깊이 수분보충을 해줘
속건조를 개선해줘유
수분세럼이라 두달안에 써버릴 듯ㅠ
다이브인 저분자 히알루론산 세럼
재생 수
4
0
00:00 | 00:25
화질 선택 옵션
자동

다이브인 저분자 히알루론산 세럼
점도 / 발림성 등 영상으로
확인하실 수 있어용!
엄청 촉촉하고
제형은
물에 슬라임한방울 섞은 느낌이에용ㅎㅎ
특별한 향은 없고
흡수되지 않는 겉도는 수분이 아닌
유분기는 잡아주고
필요한 수분만 남겨주는
딱 깔끔한 느낌이에요
얼라이브랩 센텔라 드레싱파우더
8ml / 8,000원
피지조절, 트러블완화에
효과적이라
트러블피부에는 필수우~!
센텔라 드레싱 파우더는
기초화장품, 세안제, 팩
어디에도 섞어 사용할 수 있는
만능 트러블케어 제품이에용
8,000원이면 저렴하다 생각했는데
실물 보고 깜놀랬다눙..
넘나링 쪼꼬미
휴대용으로는 좋을 듯 해용
보호캡도 붙어있구용
정말 그냥 파우더랑 다를 것 없는 사용감
얼라이브랩 센텔라 드레싱 파우더
재생 수
4
0
00:00 | 00:20
화질 선택 옵션
자동

얼라이브랩 센텔라 드레싱 파우더
기초제품에 파우더가 섞이면서
약간 뿌옇게 되는데
희석비율에 따라 다르겠지만
얼굴에 바르면
약간 뽀애지는 느낌이 나용
턱 주변에 화농성여드름이
자주 나고 점점 커지는데
샌텔라 드레싱 파우더 쓰고나서는
여드름이 커지지 않고
서서히 진정되더라구요
진짜 신기했어용
기초 마지막단계에서
얼굴에 젤을 짜놓고+손가락에 파우더
조합으로 사용하는데
용기에 섞어서 사용해도 되고
편하신 방법으로 사용하면 귯입니댱
개인적인 총 평
아누아  어성초 77 클리어 패드
다이브인 저분자 히알루론산 세럼
센텔라 드레싱 파우더 모두
핵강추입니당!
가성비도 좋고
효과가 확실히 느껴지는 편이라
만족스럽습니당
이번에 클렌징&기초&색조를
한번에 바꾸면서
트러블 생기면 무슨 화장품이 문제인지
모를 것 같아서 걱정했는데
다행히 잘 맞아서
이 조합 포에버예정이에용
재구매율200%입니당!
궁금하신 부분 있으시면
댓글이나 쪽지남겨 주세용😆"
"#토리든#다이브인#히알루론산#세럼#촉촉#속보습
여러분~!! 안녕하세요!! 쪼야에요~~!!><
오늘은 제가 제 피부에 꼭! 맞는 세럼을 찾아서
여러분들께 소개해드리려고해요!!^.^
그것은 바로바로~~~~!!!
토리든 다이브인 세럼이에요!!!!><
우선 제 피부타입을 말씀드리자면!!^.^
아토피, 민감성, 악건성 피부랍니다ㅠ.ㅠ
여드름은 거의 안나구요, 가끔 뾰루지 몇개 올라오는 정도에요!!
짠!! 다이브인 세럼을 꺼내보았어요~~
여러분!! 스킨케어에서 세럼이 제~~일 중요한 것!!
아시나요~??
제가 대학생때부터 화장품 매장에서 아르바이트를 정말 오래해서 나름 해박하답니다!!^.^
스킨은 수분, 로션은 유분, 에센스와 세럼이 영양,
크림은 덮어주는 역할이에요!!
그래서 에센스나 세럼을 바르지 않고 스킨, 로션, 크림만
바르면 속 빈 강정이라고 합니다ㅠ.ㅠ
그러니까 세럼은 꼭!! 발라줘야돼용!!
토리든 다이브인 세럼은 요렇게 스포이트로 되어있답니다!!
그래서 위생적이에요 깨끗깨끗!!^.^
저는 한번 꾹 누르면 얼굴에 다 촉촉하게 바를 수 있었어용
다이브인 세럼은 이렇게 맑은 소다색이에요!!
'말라카이트 추출물'의 순수 색상이고, 말라카이트는 탄력있고 생기있는 피부관리에 도움을 준다고 하네용
탄력!!!생기!!!
톡~!!
여러분 제 손등에 톡! 떨어뜨려보았어요!!
점성은 요정도에요.
물스킨 느낌이 아니고 약간의 점성이 있답니다!!
젤과 물의 중간정도라고 보시면 돼용!!^.^
여러분~!! 제가 바른쪽과 안바른쪽을 비교해보았어요.
확실히 바른쪽이 광나는게 보이시죠!!><
으아니~~바르자마자 광나는 건 당연한거 아닌가요??
라고 생각하시는 분들!!!
그래서 제가 흡수시킨 후 사진도 들고왔어요오!!
바른쪽이 확실히 피부가 맑아진 느낌이 난답니다~!!
저는 언제 피부가 좋아진 것을 느끼냐면
자고 일어나서 아침에 세수를 할 때
피부가 보들보들~~하면
'아!! 피부 좋아졌다!!'
하고 느껴용!!
다이브인 세럼을 밤에 바르고 푹~ 잔후
아침에 세수를 하는데 보들보들함을 느꼈어용><
마지막으로~~~~~~~~~
쪼야의 별점은!!!!!!!><
발림성★★★★★
촉촉함★★★★★
보습력★★★★★
재구매의사  Of course!! 오브가 콜스입니당~!!^.^
특히나 저는 지이이잉짜진짜 안맞는 화장품이
너~~~무나도 많은데
이건 극도의 예민성, 민감성 피부인 저에게조차
꼭 맞는 세럼이에요. 그래서 앵간한건 안맞다!!
하시는 분들도 도전해보시면 좋을거같아용!!
다음에는 색조 화장품 리뷰로 찾아뵐게여러분♡♡
앙뇽~~~♡♡
화해 어플에서 10900원으로 구입했습니다!!
열심히 일해서 샀어용 내돈내산!!><"
"< Torriden >
다이브인 저분자 히알루론산 멀티 패드
\ 23,000
★★★★☆
부분 팩으로 사용하려고 산 토리든 다이브인
저분자 멀티패드! 
이 브랜드 세럼이 수부지에 좋다는건 알고 있었는데
저번 달인가 올영 신제품 교육 영상에서
그 세럼으로 패드를 만들었다고 해서 바로 사버렸다.
( 공부하랬더니 제대로 충동구매한.. )
원래 사놓고 급한거 아니면 늦게 개봉하는 편이라
구매한지는 한 달 정도 됐다.
이 패드는 저분자 히알루론산과 5D-복합 히알루론산,
D-판테놀이 함유되어 스킨케어의 첫 단계에서
수분을 공급해 준다고 하는데 에센스가 원단에
20배나 함유되어 있어서 부분 팩으로도 사용 가능하다.
패드 용량은 80매, 패드를 위생적이게 집을 수
있는 집게가 같이 들어있고, 올영 단독 기획 상품엔
다이브인 세럼 10ml 미니어처가 추가 증정된다.
속보습으로 유명한 다이브인 저분자
히알루론산 세럼. 
미니 사이즈인데도 스포이트가 있어서 귀엽다.
패드 통 사이즈는 타제품들 보다 살짝 큰 것 같다.
디자인이 깔끔해서 개인적으로 마음에 든다
아니 근데 위생씰을 왜이렇게 떼기 힘들게
한 거지..? 진짜 손톱 아팠다.. ㅜㅜ
아무튼 어렵게 뜯어내고 패드 실물을 
보는 순간 정말 쌈무가 생각나는 비주얼이었지만..
이 파스텔블루 색상이 말라카이트 추출물의 
순수 색상이라고 한다.
패드를 꾸욱 누르면 바닥에 세럼이 고였다가
다시 떼면 쑤욱 흡수되고 양면 모두 시트 원단이다.
제품 성분은 화해 어플에서 확인을 해보니
20가지 주의성분, 알레르기 유발성분 모두 0개였다
패드를 집게로 한 장 집어서 손등에 올려봤다. 
챱- 하고 달라붙는게 
부분 팩으로 활용하기 딱 좋은 것 같다.
세안 후 얼굴에 전체적으로 가볍게 쓱 닦아주고 
건조한 부분에 3~5분간 올려놓은 뒤
남은 에센스는 두드려서 흡수시켜줬다.
끈적임도 없고 속 건조도 쫀쫀하게 잘 잡아주는 듯한
기분! 수부지인 나에게 딱인 것 같다.
사실 예전에 우리 매장에서 다이브인 세럼을 테스터 
해봤을 땐 대체 뭐가 좋은지 잘 몰랐었는데 
패드로 사용해보니까 속보습이 잘 되는게 느껴진다.
충동구매한거지만 만족스러워서 다행인 제품이다 :> "
"올리브영 3월 내돈내산 후기 :: 토리든 다이브인 세럼
Torriden DIVE-IN Low molecule Hyaluronic acid Serum
안녕하세요 클렘입니다 :)
그동안 클랍 앰플을 알차게 사용하고 이젠 저의 데일리템으로 다시 돌아가야 할 때가 왔어요ㅎ 이번 달 제 올리브영 장바구니에 담겨져 있던 제품은 토리든 다이브인 세럼이었습니당
클랍 앰플이 있기 전에는 토리든의 다이브인 세럼이 트러블 진정에 가장 효과적이었던 제품이에요. 믿고 쓰는 제품이 되었죠.
토리든 다이브인 세럼은 19-20년 2년 연속 화해에서 에센스, 앰플, 세럼 부문 1위를 차지한 제품이에요. 많은 사용 후기들로 증명된 '수분 대명사' 제품이래요ㅎ 저는 작년에 처음 써봤는데 그때도 올리브영에서 아주 핫한 인기템이었어요.
♥
이젠 수분 대명사로 유명한
토리든 다이브인 세럼
보여드릴게요!
브랜드 ㅣ 토리든
제조사 ㅣ 세레코 (제조국:한국)
제품명 ㅣ 다이브인 저분자  히알루론산 세럼
용량 ㅣ 50ml
피부타입 ㅣ 모든피부용
사용기한 ㅣ 제조일로부터 3년
토리든 다이브인 세럼은 속보습과 진정 케어에 특효인 제품이에요. 우리 피부의 겉부터 속까지 보습막을 형성하게 도움을 주는 성분이 모두 포함되어 있다고 해요. 히알루론산 분자 크기별로 표피에 보습막을 형성해 주는 고분자 성분부터 속보습을 케어해주는 저분자 성분까지, 총 5단계의 히알루론산 성분이 피부에 촘촘하게 수분을 공급해 주는 거죠. 히알루론산 성분 다음으로 D-판테놀, 마데카소사이드 등의 성분들이 피부를 진정시켜주고 보습을 유지시켜 준다고 해요.
피부과학연구소에서 피부 저자극 테스트에서 무자극 판정을 받았고, 속보습 인체적용시험에서 속보습 완화에 효과가 있다는 판정을 받았대요!
병은 투명하고 세럼이 옅은 하늘색을 띠어요. 청량하고 영롱한 파스텔블루 컬러는 말라카이트 추출물의 순수 색상이래요. 플로이드로 한두 방을 덜면 투명한데 병에 담겨있을 때는 파스텔블루인 게 신기하더라구요.
토리든 다이브인 세럼, 테스트해볼게요!
뚜껑을 돌돌 돌려서 열어주구요
플루이드에 쏘옥 채워줍니다
요렇게 세럼 한 방울 자체는 무색이고 아무 향도 나지 않아요
피부에 닿으면 시원한 쿨링감이 느껴지구요
적은 양으로도 넓은 면적으로 사용할 수 있어요
넓게 펴 발라져도 수분감이 충분하게 발려요 >,<
손등 테스트 영상으로도 보여드릴게요↓↓
토리든 다이브인 세럼 테스트
재생 수
16
1
00:00 | 00:22
화질 선택 옵션
자동

접기/펴기
토리든 다이브인 세럼 테스트
바른 쪽과 안 바른 쪽의 수분감 차이가 엄청나죠.
한 30초 정도 지나면 곧 산뜻하게 마무리되고 보송보송한 피부로 돌아와요ㅎ
다이브인 세럼 자체보다 더 깊은 보습감을 느끼고 싶을 땐
세럼과 오일을 함께 사용해도 된대요 ;)
토리든 다이브인 세럼
Torriden DIVE-IN Serum
피부에 자극 없이 진정과 함께 속부터 겉까지 보습을 채워주는데 끈적이지 않고 산뜻한 1등 세럼!
저와 같이 민감성 피부를 가진 분들께 추천드려요!
토리든 다이브인 저분자 히알루론산 세럼 50ml
대한민국 NO.1 헬스&뷰티 스토어 OLIVEYOUNG
www.oliveyoung.co.kr
you made my day.(@ymmd.clem) • Instagram 사진 및 동영상
팔로워 81명, 팔로잉 82명, 게시물 15개 - you made my day.(@ymmd.clem)님의 Instagram 사진 및 동영상 보기
www.instagram.com
클렘의 YMMD 인스타 계정도 들러주세요
소통은 언제나 옳습니다!
클렘은 공감과 댓글, 이웃소통을 환영합니다!"
"제가 직접 돈주고 쓰는 
지극히 개인적인 후기입니다.               
앞으로 이용할 분들 선택에 
도움을 주기 위해 글을 씁니다.              
사실 제가 모델링팩을 하고나서 
촉촉하게 바를 로션이 없어서 
집에 있던 샘플을 썻었는데 
제품이 너~~~~~~무 좋은거에요 
진짜 촉촉하고 피부 광도 도는거 같고 그래서 
샘플껍데기를 검색해서 알게됬어요 
토리든 다이브인 저분자 히알루론산 세럼 
요즘 코로나 때문에 집밖에 안나가고 
집에서 택배로 주문했어요 
네이버에서 최저가 검색하는데 
티몬에서 할인을 해서 바로 겟했죠
한번밖에 안써봤지만 
속보습이랑 피부진정운 ㅇㅈ이에요 
트러블 건드리고 발랐는데 생각보다 
빨리 가라앉더라구요 
제품이 작은건 알았지만 
진짜 작다고 느꼈어요 
너란 아이 정말 쇼듕햇...👉🏻👈🏻
트리돈 디바이브인 세럼이에요 
한손에 쏘옥 들어오는 사이즈에요
유통기한은 하단에 적혀있어요 
토리든 다이브인 세럼_히알루론산세럼_내돈후기_물광꿀광피부됨_올리브영추천템
재생 수
1
0
00:00 | 00:07
화질 선택 옵션
자동

토리든 다이브인 세럼_히알루론산세럼_내돈후기_물광꿀광피부됨_올리브영추천템
아 그리고 통이 유리처럼 생겼는데 
유리가 아니라 약간 플라스틱 느낌이에요 
느낌 보시라고 동영상 올려드려요 
다이브인 저분자 히알루론산 세럼 
이게 진짜 이름인가봐요
길다,,,솔직히 토리든 이름도 좀 생소했어요 저는
피부가 점점 민감 예민해지는거 같아서 
저자극 제품으로 찾게 되는거 같아요 
스포이드 타입이라서 
용기 입구에 손이 안닿아서 
위생적으로 바르기 좋은것같아요 
양조절도 1번정도 펌핑하면 되서 
개인적으로 사용하기 편했어요
토리든 다이브 저분자 세럼 
스포이드 타입으로 되어 있어서 
다른제품이랑 다르게 
위생적으로 바를수 있는것 같아서
그부분이 마음에 들었어요 
피부에 발랐을때 무향 무색인것도 
개인적으로 마음에 들었습니다 
스포이드 1번 정도 하면 얼굴에 
광이 날정도로 발려서 
양조절도 편한것같아요
피부가 예민한데
저자극으로 보습을 잡아줘서
그부분이 제일 좋았어요 
바르면 피부에 광이나서 
물광 메이크업이나
피부에 광도는것 좋아하시는 분들은 
진짜 추천드려요
다만 앰플은 앰플! 
로션 대신 바르기는 어려워요!
#토리든 #토리든세럼 #토리든다이브인세럼 #토리든다이브인 #히알루론산세럼 #수분세럼 #건성피부 #건성피부세럼 #저분자히알루론산 #올리브영세럼 #화해세럼 #올리브영추천템 #내돈내산 #리얼후기 #티몬 #올리브영화장품 #화해어플1위 #올리브영인기템 #수부지세럼 #수부지피부 #올리브영토리든 #트러블피부추천 "
"화해보다가 세럼 1위라고 하길래 구매해보았당
토너 60ml도 증정해주었다!!
내돈내산
몇몇 화장품에 들어가면 트러블일으키는 재료들이
안들어갔다고 성분표시가 잘되어있당
파스텔 블루 색상 ㅋㅋㅋ
오
색깔이 특이하네요
속보습개선되고 피부진정 ,장벽강화에 효과가 있다네용!!
이렇게 생겼습니당!!
깔끔!!
스포이드 형식이어서
위생적이게 사용할 수 있어서 좋네용
파스텔 블루색상!!
색이 오묘하고 이쁘고
작은 기포방울같은게 많이 보여용
약간 물제형에서 콧물제형 조금 들어간느낌?
촉촉하고 좋아요
이건 증정용으로 온 토너!
이거도 좋다고 하던데
써보고 구매해봐야겠어용!!
토네에도 세럼같이 성분표기 잘되어있어용
귀욤귀욤
요즘에 닦토하고 이 세럼바르는데 촉촉하고
만족해요!!!
독도토너랑 궁합이 잘맞는거같아요
아침에 세수할때 부들부들해서 좋아용
처음써보는 브랜드인데 만족해용!!"
"오늘은 크림이에요 !!
다이브인 저분자 히알루론산 크림~~
어디서 많이 들어보시지 않았나요??
토리든 다이브인 저분자 히알루론산 세럼으로 속건조 해결~!
평소 속건조로 인해 심하면 홍조까지..환절기라 그런지 피부가 또 뒤집혔네요..흑흑ㅠㅠ뒤집힌 수준이 아...
m.blog.naver.com
마자여><
제가 다이브인 저분자 히알루론산 세럼에 대해서
포스팅을 한번 썼었어요~!
그때 너무 좋았어서 이번에는 크림을써보자!
하고 주문했지용ㅎㅎ
택배가 왔군요 ~~~
저는 어플 화해를 통해 주문했어요.
토리든 다이브인 저분자 히알루론산 크림 80ml
26,000원이에요ㅠㅠ
하지만 지금 화해에서는 46%할인된 금액
13,900원에 구매하실 수 있어요><
크기가 별로 안크넹??
네~ 안커요ㅋㅋㅋ
다이브인 저분자 히알루론산 크림은
이전에 포스팅했던 다이브인 히알루론산 세럼과 
효능이 비슷해요!
-보습 진정작용
-피부 장벽강화
대표적인 효능이죠!!
성분이 조금 많긴하죠...?
근데 나쁜 성분이 하나도 없어요.
알레르기 유발 성분도 당연히 없구요~
요로케 생겼어요.
한손으로 가볍게 들수있을정도??
제가 정말 좋아하는 튜브형이에요 짝짝짝 ~~~
위생상으로도 정말 좋구
사용감도 정말 편하죠 !!
손등에 발라보았어요~~
세럼은 되게 가볍게 잘 발렸는데 
이 히알루론산 크림은 살짝 무거운 느낌이네요ㅠㅠ
금방 흡수되는 수분크림 제형일줄 알았는데
문지르다보니 하얗게... 흠.. 연고같기도하고 말이죵..
얼굴에 막을 하나 씌우는 느낌이었어요.
조금 무겁네요ㅠㅠ 끈적거리는 느낌도 살짝 있는데
겉으로 광이나지는 않아요!
속광은 있는데 겉에 오일을 바른듯이 반짝반짝거리지는
않는다는 뜻이에요~
--------------------------------
하지만.. 딱 하루 바르구 다음날 아침.. 
얼굴이 뜨끈뜨끈.. 땡땡해졌어요..
얼굴이 울긋불긋 조금 부은거같기도하고..
목 있는 부분은 완전 뭐... ㅜㅜ
건조한건 아니었는데.. 아침에 일어나보니 군데군데
너무 건조해서 진물이 일어날 정도.. 
이상하네요..ㅠㅠ 이게 안맞았던거같아요. 
제 생활습관에서 바뀐건 이거 하나뿐이었거든요ㅠㅠ
어쨌든 너무 좋은제품이지만 나에겐 안맞는걸루...ㅠㅠ
//본 포스팅은 내돈내산 후기입니다//"
"화해 앱에서 1위를 달리고 있는 그 제품...
속보습 114.94%????!!!!
뭔가 이런 애매한숫자는 진짜인거 같아서 
신뢰가 간단말이지.
아로마티카 알로에젤과 아로마티카에서 나온 티트리오일을 섞어쓰던 도중 티트리오일을 먼저 다써버려서 다음으로 뭘사지 고민하던차에 발견한 리뷰..
!!!!!!! 딱 내가 찾던 거라서 바로 질러버렸다...
네이버에서 뭐 이것저것 할인받으니까 15600원이더라..
생각보다 비싸진않아서 만족,,,
제품을 열어보면 이렇게 생겼음!
내 피부를 올리긴 좀 그래서
사용후기는 말로만,,,,!
☆사용후기☆
일단 제품이 설명하는 그대로 보습은 좋았음!
아직 사용 4일차라서 큰 변화는 못느끼겠지만..
나는 세수하고 나서 스킨바르고 아로마티카알로에젤
바른다음에 얘만 바르고 끝나는데(크림x,로션x)
요즘같이 바람엄청불고 그러는데도 당긴다거나 그런느낌이 절대없음,,,!!
참고로 내 피부타입은 건조하지만 유분은 많은 그런...저주받은타입...ㅋㅎ..
아무튼 아직 완전 나한테 맞는 화장품을 못찾은 나는
이 세럼에 당분간 정착할것같다...
가격 ⭐⭐⭐⭐☆
사용감 ⭐⭐⭐⭐
재구매율 10000%!!!!!!입니다.
<내돈내산 후기입니다>"
"https://blog.naver.com/csyrp/222027066156
토리든 다이브인 저분자 히알루론산 세럼
원래 다 쓴 공병인증샷과 함께 리뷰를 쓰려고 했는데까먹고 그냥 버려서새로 산 제품 사진만 갖고 리뷰...
blog.naver.com
예전에 이미 한 번 리뷰했던 토리든 세럼.
공병 인증샷과 함께 다시 한 번 리뷰!
텅 빈 세럼.
유리같이 보이지만 플라스틱 병이라 실수로 떨어뜨려도 문제 없다.
언박싱!
환경을 생각한 포장 굿굿!
솔직히 유리나 전자제품 같은 거 아니면 뽁뽁이는 과하다고 생각함.
이번에 구매한 건 늘 쓰는 세럼 100ml 대용량 하나에
토너랑 크림 쪼끄만 것까지 같이 구성된 제품.
손에 꽉 차게 잡히는 대용량.
어차피 이건 데일리로 매일 쓰는 거라 이번엔 큰 사이즈로 구매했다.
사실 구매한 지 꽤 됐는데 이제서야 포스팅.
공병인증샷과 언박싱 과정까지 담은 내돈내산 토리든 찐팬 리뷰 끝."
"안녕하세요 이웃님들 💖
오늘은 제가 잘 쓰고 있는 최애템들을 소개할까해요.
두가지인데 데일리로 쓰고 있고
벌써 2-3통 비운 기초화장품들이라 
소개 하지 않을 수가 없더라구요ㅋㅋㅋ
저 화장품 진짜 좋아하기도하고
그래서 많이 구매도 하는데 
거의 재구매하는 법은 없거든요..?!
항상 새로운 제품 써보고 싶어서 갈아타곤하는데
이것들은 진짜 없으면 큰일 날 것 같아서
쟁여두고 쓰고 있어욥ㅎㅎ
이미 유명한 제품이라 아시는 분들도 계시겠지만
제 피부가 엄청 예민해서 민감성들에게 도움이 되실거예요.
원래 저는 피부가 진짜 예민해서 
성분 신경 안쓰고 아무거나 바르면 
바로 트러블 올라오거나 간지럽거든요..??
근데 또 화장품은 좋아해서 이것저것 많이 바르고
자주 바꾸니까 더 예민해지는 것 같더라구요.
그래서 사실 버린 기초화장품도 꽤 많아요ㅠ_ㅠ
근데 이것들은 진짜... 피부에 뭐가 올라오지도 않고
그냥 바르는 순간 핵 촉촉해서 이것저것 많이
바르지 않아도 괜찮더라구요~.~
덕분에 가볍게 피부 관리 할 수 있고 
예전보다 장벽도 튼튼해져서 엄청나게 예민하지도 않아요.
토리든이랑 디오메르 제품인데 둘 다
순한 화장품 브랜드로 유명하고 후기도 다 좋은 편이예요.
토리든은 첨에 화해 통해서 알게되었는데 
그 뒤로 넘 좋아서 쭈욱- 쓰고 있습니닷ㅋㅋㅋ
그리고 디오메르는 저와 같은 민감성 친구가
알려 준 브랜드인데 실제 에스테틱샵에서도
쓰는 제품이라 괜찮다고 해서 사봤었는데
진짜 괜찮은 제품인 것 같더라구요.
벌써 이게 2통째니까..하하
뭐 말 안해도 다 아시겠죵??
진짜 재구매 잘 안하는데 이것들은 인생템이예요.
단종되면 너무 슬플 것 같아요.
바르는 순서는 다들 아시다시피 
세럼 다음에 크림을 바르고 둘 다 라이트한 느낌의 제형이라
양을 조금 많이 발라줘서 괜찮더라구요.
크림 같은 경우에는 살~짝 젤 느낌이라
자기전에 수면팩처럼도 발라주는데 다음날 보면 
얼굴이 완전 맨들맨들하게 보여서 넘 좋더라구요.
앰플로 속 수분을 충전해주고 크림으로 보습감을
더 더해준다고 생각하면 될 것 같아요.
따로 기능성화장품은 아니고 리얼 수분충전용!!!
얼굴이 건조하면 주름도 더 잘 생기는 거 아시죠??
건조한 사람들은 일단 보습부터 채워주고
기능성 관리를 하는게 좋아용.
보습관리만 재대로 해줘도 주름 생기는 것을 방지해주니
우리 모두..열심히 관리해욥
✨ 토리든 다이브인 저분자 히알루론산 세럼 50ml ✨
일단 세럼치고 양이 꽤 많은 편이예요.
보통 에센스나 앰플류들은 30ml인게 많은데
이건 그것보다 많이 들어있어서 꽤 오래쓰더라구요.
근데 벌써 3통째라니..ㄷㄷㄷ
이건 100ml짜리도 있는데 담에는 아예 대용량으로 사려구요.
플라스틱 스포이드 타입 용기로
스포이드라 적당량 덜어서 쓰기 편하구
용기가 투명해서 안에 얼마나 남았는지도 잘 보이구
디자인자체가 깔끔해서 진심 퓨어해보여요ㅋㅋ
브랜드 이미지가 넘 좋음요.
히알루론산이 들어가서 보습 빵빵하게 넣어주고 
판테놀이 예민한 피부를 진정시켜주기도해요.
히알루론산도 저분자, 중분자, 고분자 다 들어있어서
겉과 속 다 케어가 가능해요.
약간 푸른빛이 돌아서 첨에는 색소가 들어갔나했는데
인공색이 아닌 성분 자체 색깔이더라구요.
사실 기초제품에 색소 넣는거 좀 쓸데없는 짓이라고
생각하기도하고 피부에도 별로 안 좋을 것 같은데
이건 말라카이트 추출물 원래 순수 컬러래요.
보기에도 예쁘고 피부에도 부담이 없어서 좋은듯요ㅋㅋ
만약에 그냥 투명용기에 투명색 내용물이었으면
보기에 조금 심심했을 수도 있겠어요.
지금 이게 3통째인데 벌써 이만큼이나 썻어요.
또 쟁여두러 가야겠네욥 후후
토리든 다이브인 세럼은 요렇게 스포이드로 한번 올리면
얼굴 전체에 바를 수 있는 양 딱 좋아요.
뭐 개인차가 있긴하겠지만 저는 저렇게 
한 번 빨아들인 양으로 양볼에 톡톡 올려서 쓰고 있어요.
용기가 막 그렇게 튼튼하지 않아보이는데
쓰면서 한 번도 깨지거나 한 적은 없어요ㅋㅋㅋ
여기 토너도 유명하던데 나중에 한번 써보고파요ㅋㅋ
조만간 재구매하면서 같이 사볼까봐요.
모여있으면 푸른빛이지만 막상 피부에 올리면
그냥 투명색으로 보여서 걱정 노노예요.
이렇게 사진으로 보기에는 완전 워터리해보이는데
아주아주 살짝 점성이 있어서 보습감이 확 느껴지고
너무 가볍지만은 않아서 좋더라구요.
어떤 앰플들은 그냥 워터리해서 바르고 나서
금방 건조해지는데 토리든 다이브인 세럼은
쉽게 건조해지지는 않더라구요.
향은 따로 없고 찰지게 발려요ㅋㅋㅋ
바르는 순간 속까지 촉촉해지면서
유분기는 많이 느껴지지않아 미끄덩거림이 없어요.
진짜 바르자마자 수분감 터지는 듯~~
토리든 다이브인 세럼 제형
재생 수
27
0
00:00 | 00:10
화질 선택 옵션
자동

토리든 다이브인 세럼 제형
첨에 바르면 이렇게 물광한 피부로 변하는데
다 흡수되고나면 딱 보기 좋을 정도로 광이 돌아요.
요리조리 돌려봐도 번들거림 심하지 않죠??
그리고 피부 유수분 밸런스를 잘 맞춰줘서
저처럼 꾸준히 바르다보면 장벽이 튼튼해져요.
장벽이 깨지면 더 예민해질 수 있고
트러블도 잘 올라오는데 토리든 다이브인 세럼랑
디오메르 크림 쓰면서 진짜 많이 좋아졌고
이제 건조해서 올라오는 여드름들은 거의 안나요ㅋㅋ
예전에는 밸런스 안맞아서 자주 좁쌀 여드름이 올라왔는데
지금은 완전 맨들맨들 얼굴 만질때마다 기분좋아요!!!
✨ 디오메르 블랙 캐비어 워터크림 50ml ✨ 
요건 적당한 양으로 플라스틱 단지형 용기예요.
어디서 들은 적이 있는데 화장품 만들면서
내용물 값보다 용기 가격이 더 많이 나간다고하더라구요.
그래서 비싼 제품품들 보면 유리로 무겁게 
만드는 경우 있는데 그런 것들은 용기도 꽤 비싸다는...
어차피 집에 두고 바르는 건데 플라스틱 용기로
만들어서 저렴한 것이 훨 좋은 것 같아요.
디자인도 이정도면 무난하고
진짜 에스테틱샵에서 쓰는 기초템 느낌이 좀 나죠??ㅋㅋ
여기에는 식물성추출물이 많이 들어있어서
모든 타입 사용가능하고 저같이 민감성인 분들도 괜츈해용.
간단히 성분 설명 조금 하자면
그린토마토추출물이 수분과 탄력감을 주고
감초 추출물이 진정, 감나무 잎 추출물이
촉촉함이 금방 날아가지 않게 잡아준다고해요.
바르는 것만 중요한게 아니라 보습 지속력도 중요!!
살짝 젤 느낌나는 제형으로 너무 수딩젤 같지도 않고
너무 꾸덕한 느낌도 아니라 딱 좋아요.
살짝 향이 나는데 은은한 꽃 향이라
바를 때 기분이 좋더라구요 ㅎㅎ
유수분이 적당한 제형이라 매끈하게 발리고
많이 기름지지 않으면서 촉촉하게 만들어주니
되게 편안하게 느껴지더라구요!!
특히 지성분들 얼굴 번들거리는 제품 싫어하시는데
이거 수부지, 악지성들에게 완전 강추예요😚 
제가 손등에 꽤 많은 양을 발랐는대도
막 그렇게 부담 없지 않나여??
크림들 바르다보면 하얗게 백탁올라오는 것도 있는데 
이건 그렇지도 않고 꽤 워터리하게 발려서
걍 슥슥 펴발라주면 되어용ㅋㅋㅋ
가볍다보니 흡수도 빨리되어서 아침에는
메이크업 시간 절약 할 수 있어욥~
결을 부드럽게 만들어줘서 만져보면 핵 보들보들!!
토리든 다이브인 세럼이랑 요거랑 바르면서
관리 한 뒤로 쌩얼 좋아졌다는 말 많이 들었어요ㅋㅋ
특히나 요즘 마스크 끼고 다니느라
여드름 난리 난 분들 많이 봤는데
요것들은 순하기도 엄청 순해서 저는 마스크 착용해도
얼굴이 일어나지는 않더라구요.
그나저나 마스크는 언제까지 껴야하는 걸까요..ㅠㅠ
이게 최근 제 얼굴이예요!
토리든 다이브인 세럼+디오메르 워터크림 같이 바른 상태!
촉촉하게 수분이 채워지니 모공이 크게 보이지도 않고
번들거리는 유분광이 아니라 리얼 수분광으로 보여요ㅋㅋ
그러니 당연 얼굴이 핵 좋아보이죠ㅋㅋㅋ
메이크업도 춱춱하게 잘 먹고 뭘 발라도 굿이예요.
특히 제가 매트한 파운데이션을 좋아하는데
요것들 기초로 바르고 나서 매트 파운데이션 바르면
속이 건조하지 않으면서 겉은 보송해요ㅋㅋㅋ
기름진 기초화장품 바르고 매트 파운데이션 바르면
금방 무너지기도하고 보송하지도 않은데
요것들이 아주 딱 인 것 같아요.
애정하는 제품이 이것들 말고 더 있긴하지만
진짜 이 제품들은 저의 최애라고 할 수 있어요ㅠ
몇 통 비운 화장이 증말 몇 개 안되는데
토리든 다이브인 세럼하고 디오메르 크림은
단종되지 않는 한 쭈욱 쓸 것 같아요ㅋㅋ
담에 또 좋은 화장품있으면 소개해드릴게요!!!"
"안녕하세요! SUN입니다:)
오늘은 요즘 제가 자주 사용하는 세럼을 리뷰하려고 해요.
다이브인
저분자 히알루론산 세럼
다이브인 세럼은 화해 어플에서도 
1위입니다.
저도 화해 어플을 보고 구매하게되었어요:)
가격은 28,000원입니다.
저는 세일할때 사가지고 좀 더 싸게 구매했어요!
속건조 개선이 시급해서 급하게 구매했는데
나름 만족스러웠어요.
이 앰플은 물보다는 약간 점성이 있는 듯한 제형이에요.
저는 복합성이라 
무겁게 올라가는 제형을 선호하진 않아요.
이 제품은 가볍고 마무리감이 산뜻합니다:D
급하게 산 제품치곤 나름 괜찮았어요.
근데 이 제품하나 가지곤 
속건조를 완전히 해결해주진 못합니다ㅠㅜ
그에 맞는 크림과 스킨케어들을 잘 해줘야
이 세럼의 장점이 부각되는 느낌이에요.
흡수력은 아주 좋아요:)
<장점>
지성,지복합성 피부에 산뜻하게 올라가는 세럼
민감성피부도 잘 사용할 수 있는 믿음직한 세럼
<단점>
속건조가 많이 심하신 분들, 건성분들
이제품 하나로는 해결 불가능 
오늘은 요즘 제가 자주 쓰는 세럼을 리뷰해봤어요!
다음에 더 좋은 리뷰로 찾아뵐게요:)"
"다이브인 저분자 히알루론산 세럼
속보습 진정세럼
아이소이 시카고 앰플을 사용하다가 
거의 다 사용했지만 앰플 유목민인 저는
새로운 앰플을 찾고 있었습니다.
그러건 어느 날 화해에서 문자가 왔죠.
#화해 퀴즈쇼에서 정답을 맞힌 사람들에게
화해 어플에서 무려 60%나 할인해주는
히든 링크 문자였습니다.
정가 28,000원인 세럼을 11,200원에 
판매하고 있어서 홀린 듯이 주문했습니다.
(만 원 이상 무료여서 배송비도 없었습니다!)
배송은 엄청 빨랐고!!
이틀 만에 세럼은 
제 품으로 왔어요.
택배 개봉!
마스크팩이랑 로션 샘플, 본품이 왔어요.
마스크팩이 사은품이라니 혜자인 것ㅎㅅㅎ
안내 책자? 뭐라고 하지 ;; 까먹었슴당..
아무튼 안내서가 들어 있어요.
드디어 본품 사진!
용량은 50ml 에요.
저분자 히알루론산 세럼 답게 히알루론산 성분들이
많이 들어있어요.
세럼 효과는
속보습, 진정작용이 대표적이고
전성분이 아주 좋아요!
#화해 앱에서도 유해 성분이 전혀 없었어요.
세럼 외관이에요. 내용물은 약간 하늘색? 인듯 투명해요.
스포이드 형태로 되어 있어요.
뚜겅을 열면 안에 쏟음 방지가 되게끔 되어 있어요. 
텍스쳐는 주르륵 흐르는 물제형 이에요.
무겁지 않고 산뜻해서
지성분들도 바르기 좋을 거 같아요.
저는 건성이라 앰플이 흡수되고 난 후에
건조함은 느껴지지 않았지만 약간 부족한 
느낌은 있었습니다.
아침에는 앰플하나로도 충분하지만
저녁에 자기 전엔 크림이 
필요할 것 같아요 ㅠㅠ
개인적으로 산뜻한 마무리감과
무향에 가까운 향이므로
갱장히 맘에 듭니다!
건성, 지성분들에게 모두 추천해요.
#내돈내산후기
#다이브인저분자세럼
#다이브인세럼
#화해쇼핑
공감 ♥ 댓글 ♡
Instagram @why_y_ny"
"오늘은 내돈내산 으로 구매한
화해 에서 구입한 토리든 다이브인 저분자 히알루론산 세럼을
추천해 보려고 한다!!
그만큼 내 인생템 세럼 이라서 더 추천하고싶음
나는 화장품을 구매할때는 화해를 참고하는편임!
그러면 성공확률이 높더라구~
하지만 화해보고 산다해서 다 좋은 제품만 있는건 아니였음 ㅠ
수분세럼 추천 제품중에
토리든 다이브인 세럼은 내가써본 세럼중에 no1 이다!
내가 그동안 꾸준히 토리든 다이브인 저분자 히알루론산 세럼을
구매한 내역을 찾아봤음
거의1년 넘게 사용중인 내돈내산 세럼 제품 이다
와.. 많이도 구매했었네
이번에 화해어워드? 그런걸로
다이브인 스페셜세트 라고 해서
세럼 100ml 랑 수분크림 키트를
같이 주고있음! 마치 화장품사면 주는 샘플느낌??
원래 토리든 다이브인 세럼은 50ml로 나왔지만
최근 100ml 로도 나와서 넘 좋음
50ml는 너무 금방써ㅠㅠ
증정으로 다이브인 저분자 히알루론산 토너 와
다이브인 저분자 히알루론산 크림을 줌!
이렇게 해서 26,000원에 구입함! 완전 ㄱㅇㄷ
화해에서만 판매하는 기획상품 이라서
포장박스에 온리화해 라고 딱
배너가 박혀있음!
원래는 쿠팡에서 사면 좀 저렴하게 사서
쿠팡에서 많이 구입했었는데
박스를 열어보니 구성이 이러하다!
좋아좋아~~ 원래 판매하는 세럼 가격보다 저렴한데
증정을 주다니ㅎㅎ 어멋 이건 사야해~~
수분크림추천 이나 수분에센스추천 하면
히알루론산 히알루론산 하는데
그 히알루론산이 뭔지 궁금해서 알아봄
히알루론산 이란
히알루론산은 각종 안과 수술의 보조제, 관절 내 주사제, 인공눈물, 상처치유 등의 목적으로 사용되는 약물이다. 
자신의 무게에 300~1000배에 해당하는 수분을 함유할 수 있는 다당류의 일종으로 보습작용이 뛰어나다.
[네이버 지식백과] 히알루론산 (약학용어사전)
라고한다! 아하~ 그렇구나~~ㅋㅋㅋㅋ
아무튼 엄천난 수분을 함유하고 있어 보습작용에 좋다는 말!
토리든 다이브인 세럼 외에 스킨이랑 수분크림은
아직 사용해보지 않았지만
이번에 증정용 써보고 좋으면 구매해야지!!
예전에 어디서 들었는데 증정용 화장품들이
더 좋다는 말을 들었음!
그래야 써보고 제품을 구매하니까 그렇다고 하는데
과연 사실일까..?
마지막 한방울까지 탈탈털어서
다쓴 다이브인 세럼 공병ㅋㅋㅋㅋ
내돈내산 토리든 다이브인 세럼 그동안썻던거
모으면 몇통이나 될까
지성피부 세럼 추천 다이브인 세럼 의 크기는
이정도이다! 50ml 보다는 휴대하기엔
뭔가 묵직한 감이 있어서
집에서 놓고 대용량으로 사용하기에 좋음
그리고 트러블피부 세럼 으로도 추천한다
피부에 수분공급과 피부를 진정시켜주는 효과가 있어서 그런가?
트러블이나 뾰루지 난곳에 촉촉하게 발라주고 자면
다음날 일어나면 진정되있고 그랬음
사람차이가 있겠지만 나한테는 너무 잘맞는 세럼이다
지성세럼 토리든 다이브인 세럼은 요렇게
스포이트로 사용하게끔 되어있음
엠플이랑 똑같다
스포이트를 꾹꾹 눌러서
쭈욱~ 짜주면 되는데
나는 평소에 2번 펌프해서 사용함!!
한번으로도 충분하지만
내얼굴에 수분을 가득 주기 위해서ㅋㅋㅋㅋ
수분에센스 추천 토리든 다이브인 세럼 은
살짝 묽은편? 이기도 하다
막 끈적끈적한 타입은 아니라
피부에 금방 흡수됨!
피부에 촥촥촥~ㅋㅋㅋㅋ
내돈내산 토리든 다이브인 세럼 
내 인생템으로 수분에센스나 수분세럼
지성피부 세럼 찾고있으면 마구마구 추천한다!"
"안녕하세요 민됴이입니다.
오늘은 내돈내산 촉촉이 세럼 가져왔습니다.
(*시간 없으신 분들은 제일 하단에 총평 봐주세요.)
요 제품 화해에서 1위인 제품이더라고요. 그리고 올리브영에서도 베스트 순위 안에 들었어요. 화해 1위라서 궁금하기도 했고, 수분 보충용 세럼이나 에센스가 필요해서 구매했답니다. 여담이지만 저..  화해랑 올리브영을 너무 좋아해요... 특히 화해.... 벌써 화해에서 보고 산 제품만 몇 개인지...
구매 이유
- 화해 1위
- 수분 촉촉한 세럼 필요
- 화해 20가지 주의 성분 무첨가
- 올리브영 베스트 제품
더군다나 화해에 성분 검색했을 때에 화해 주의 성분 20가지가 무첨가 되어있더라고요. 민감하고 예민한 피부라서 아무래도 주의 성분이 들어있지 않다고 하면 믿음이 가던지라.. 구매 결정!
토리든 다이브인 세럼,
외관, 용량, 가격
토리든 다이브인 저분자 히알루론산 세럼 50ml  22,000원
외관에서 느껴지는 느낌은 굉장히 깔끔하고 깨끗한 느낌이에요. 하늘색이 아주 청량하게 이쁨. 되게 맑고 푸른 수분 수분한 느낌. 용기 앞, 옆, 뒷면까지 자세하게 보여드릴게요. 
용기에 어떤 성분이 함유되어 있지 않은지 써져 있어요. 영어임... (화해에서 찾아보았을 때에는 화해 주의 성분 20가지가 들어있지 않았어요.)
다이브인 저분자 히알루론산 세럼은 5D 복합 히알루론산과 저분자 히알루론산이 피부 속까지 수분을 빠르게 공급하고 D-판테놀을 함유하여 민감한 피부를 진정시켜 주는 속보습 수분 세럼이라고 합니다. 
스포이드를 사용해서 세럼을 써줘요. 원하는 양만큼 짜서 쓸 수 있어요. 
수분이 필요한 제 수부지 피부 타입에 맞을 것 같은 제품 설명이네요. 과연 사용감은??
토리든 다이브인 세럼,
사용감, 마무리감, 향 등 사용 후기
제형
용기에 담겨있을 때에는 아주 연한~ 하늘색의 색상이었는데, 손에 올려놓았을 때에는 색상이 전혀 보이지 않았어요. 
토너보다는 점도가 아주 살짝 있지만, 쫀득한 세럼 타입은 아니에요. 가벼운 수분 타입의 세럼입니다.
발림성
발림성이 굉장히 촉촉하고 매끈해요. 세럼 단계에서 어느 정도 수분을 채워주더라고요. 촉촉한 발림성이 기분이 좋았어요.
사용감
저는 수부지 피부 타입인데요. 한 번 도포하는 건 부족해서, 두 번씩 도포해서 사용해 주었어요. 바르자마자 촉촉하게 수분을 주면서 흡수성이 빠르고 산뜻하게 마무리되는 사용감. 그리고 사용감과 발림성이 굉장히 촉촉하고 매끄럽게 발리는 반면, 그 촉촉함이 오래 지속되는 느낌은 아니었어요. 이것만 사용하기에는 수분 지속력이 부족한 느낌.
끈적이거나 눈 시림은 없었어요. 그리고 제일 중요한! 예민하고 트러블이 있는 피부에도 트러블 없이 잘 사용했습니다. 
추천 피부 타입
저처럼 수부지 피부이거나 건성이신 분들은 수분감과 지속력이 부족하게 느껴질 수 있어요. 지성피부에게는 매우 추천!
어떤 피부 타입이 써도 무난하게 잘 사용할 것 같은 세럼입니다. 촉촉하고 산뜻하게 마무리되는 세럼을 원하시는 분들도 추천드려요.
토리든 다이브인 세럼 후기 총평
촉촉한 수분감을 주면서도 산뜻하고 끈적임 없이 마무리되는 무난한 세럼
수부지 트러블 피부 타입에
한 번 펌핑해서 사용할 때는 수분감 부족해서 두 번씩 도포해서 바름. 수분감이 오래 지속되진 않았음.
촉촉하고 매끈하게 발리면서도 어느 정도 속 수분을 주는 편. 촉촉이 세럼 찾으시는 분들에게 추천
트러블 없이 무난하게 잘 사용함.  
by. 민됴이 개인적인 의견
본 포스팅 저작권은 민됴이23 에게 있습니다.
허락 없이 무단 배포 도용은 저작권법 위반으로 
처벌받을 수 있습니다.
ⓒ 2020. mindyo23 All Rights Reserved."
"안녕하세요!☺️
오늘은!! 내돈내산,
<이달의 공병템>을 소개해볼까 해요 ㅎㅎ
제품은 바로!
토리든 다이브인 저분자 히알루론산 세럼
입니다.
✔️리뷰 전
토리든에는 세가지 라인이 있는데,
[다이브인, 셀메이징, 솔리드인]이 있습니다.
다이브인은 수분, 보습 라인,
셀메이징은 진정 라인,
솔리드인은 고보습 라인입니다.
✔️제품 소개
용량은 50ml
홈페이지 가격은 22,000원이고
현재는 30%할인으로 15,400원입니다.
올리브영에서는 18,000원이고
현재는 10%할인으로 16,200원입니다.
✔️제형
평범한 다른 세럼과 같이
물처럼 흐르는 제형이에요.
✔️발림성
다이브인 라인의 세럼답게,
산뜻+촉촉하게 발리고
정말 말그대로 수분을 꽉 채워주는 세럼이에요.
*위의 사진이 실제와 가장 비슷합니다.
손등 가운데를 기준으로
왼쪽이 바른쪽, 오른쪽이 안바른쪽이에요.
유분감이 거의 돌지않고,
딱 수분 꽉꽉!! 산뜻!!한 마무리감이에요.
✔️사용 후기
저는 지복합성, 기초제품을 여러개 쓰는 사람으로, 
세럼을 한 병 다 비울 정도로 너무너무 만족했어요.
위의 사진을 보시면 
바닥에 정말 조금 남아있는 게 보여요!!
이마저도 리뷰한다고 탈탈 털어 쓰느라
단 한 방울도 남아있지 않습니다,,ㅎ
저는 평소에
닦토+세럼+크림 순으로 기초를 하는데요!
영양 크림을 바르고있어서
수분을 꽉 잡아줄 수 있는 세럼이 필요했어요.
이 제품을 안바르고 바로 크림을 바르면,
겉은 영양이 가득한데 속이 건조한 느낌,,?
근데 이 제품을 두번 정도 바르고 크림을 바르면,
속 수분이 꽉 차고 겉도 영양이 가득한 느낌!!
저는 이 세럼, 또 살 의향 100%에요!
다음달에 월급들어오면 바로 살 예정입니다.ㅎㅎ
✔️추천 유형
산뜻한 세럼이 필요한 사람
수분을 꽉 채워주는 세럼이 필요한 사람
가벼운 세럼이 필요한 지복합성, 지성
✔️비추천 유형
고보습 세럼이 필요한 악건성
오늘의 리뷰는 여기까지 입니다!ㅎㅎ
다음달, 내돈내산 공병템으로 또 찾아올게요.
읽어주셔서 감사합니다☺️
#내돈내산 #리뷰 #화장품 #화장품추천 #화장품리뷰 #내돈내산리뷰 #뷰티 #뷰티리뷰 #세럼 #세럼추천 #세럼리뷰 #공병템 #토리든 #토리든다이브인세럼 #다이브인세럼 #뷰티블로거 #뷰티블로그 #일상블로그 #일상 #일상블로거 #대학생 #대학생블로그 #대학생블로거 #댓글 #서이추환영 #서이추 #소통  "
"토리든 다이브인 저분자 히알루론산 세럼
올리브영 할인 시 1+1 (50ml*2) 총 100ml 18000원 정도.
약간 푸른빛이 도는 투명형의 묽은 세럼이며, 병은 플라스틱이다.
가격도 저렴하고, 세럼을 꾸준히 쓰면서 좁쌀이 많이 줄어들었다.
화해 어플에서 세럼부분 1위여서 반신반의하며 구매했는데, 매우 만족중.
민감성 피부라서 새로운 제품을 도전하지 않는편인데 사용하면서 트러블 난적 없음
세수 후 스킨다음 단계에서 바르면 수분감이 많이 채워지고 바르고나서 끈적거림 없어서 좋음.
앞으로 쭉 사용할 예정. 이미 올리브영 세일할때 2병 쟁여놓았음.."
"속건조 예민피부 잠재워준
토리든 다이브 인 세럼 대용량 100ml
안녕하세요 데이제이에요!
오늘은 제가 쓰는 기초라인 중에 가장 혜자이자 효자템
토리든 다이브인세럼을 소개해드릴게용
과거 소비요정으로 살았던 이력을 갖고 있기에..
기초는 시슬리정도 빼고 거의 다 써본거 같아요
sk2, 에스티로더, 프레쉬, 랑콤, 코스메데코르테 등등..
그렇게 명품 화장품부터 천연화장품까지
돌고 돌아서 요즘엔 정말 심플하게
유수분 밸런스+진정 정도만 되는가벼운 제품들로
화장품 다이어트를 했어요
개인적으로는 단순하게 바르는게 더 피부가
안정적이고 편안해지더라구요
토리든 다이브인세럼은 된다님 추천으로 4통째 쓰다가
화해 어플에서 대용량 50% 무료배송 이벤트를 하길래
냉큼 주문했어요
몰랐는데 화해어플과 글로우픽에서 1위를 했군용..
올리브영에서 초반엔 1+1을 했었는데
인기가 많아지니 안하더라구용 ㅠ?
정가는 50ml에 18,000 인데
할인을 자주하니 올리브영 어플에서 체크해보셔요
다이브인 세럼 대용량 스페셜 세트 21,900원
다이브인 저분자 히알루론산 세럼 대용량 100ml
[증정] 다이브인 저분자 히알루론산 토너 60ml
[증정] 다이브인 저분자 히알루론산 크림 20ml
22가지 유해 성분을 배제한 스킨케어만
제작하고 있는 토리든
다이브인 세럼은 D-판테놀 성분의
속보습인체적용 실험을 완료한 제품이에요.
D-판테놀 성분이 잘 맞는데 어쩐지 저한테 찰떡..
올 초에 피부 속건조로 당기고 따갑기까지하던
피부였는데 다이브인 세럼 쓰구 완전 좋아졌어요
왼쪽이 기존 50ml 다이브인 세럼
다 쓴 공병이에요
오른쪽이 100ml 대용량
옅은 푸른빛을 띄고 가벼운 점성을 갖고 있어요
펴바르면 편안하게 흡수되는 제형이에요
내돈내산 속건조 예민피부 잡아준 효자템_토리든 다이브 인 세럼 대용량 1
재생 수
6
0
00:00 | 00:13
화질 선택 옵션
자동

내돈내산 속건조 예민피부 잡아준 효자템_토리든 다이브 인 세럼 대용량 1
스포이드 가득 채워서 한번만 펴바르는데
피부 컨디션이 안좋은 날은 두번으로 레이어링하고
스킨팩 해주면 좋더라구요
이렇게 가볍고 성분 순한 제품 중에서
속까지 채워주는 보습력은 다이브인 세럼이 최고인것 같아요
사은품으로 함께온 다이브인토너
닦토하기에 딱 좋은 스타일이에요
닦토가 세안의 마지막 단계라고 생각하기 때문에
점성 있는 스킨보다 이런 가벼운 워터제형을 선호해요
다이브인 크림은 수분감 가득찬
가벼운 젤크림 제형인데 바를때 잠깐이지만 하얗게
백탁처럼 보이는 현상이 있더라구요
몇번 톡톡 두드려 흡수시켜주면 금방 없어지긴 하는데
모공을 막는 실리콘 성분을 최소화해서 생기는
현상이라고 해요
다이브인세럼 대용량으로 쟁여놓으니 든든한 화장대
피부 건강에서 가장 기본기가 유수분 밸런스인거 아시죠?
가격도 착하니 수분세럼 찾으시면 토리든 다이브인세럼
 한번 써보시길 강력 추천 드려용!!!
내돈내산리뷰"
"#토리든세럼 #토리든다이브인저분자히알루론산세럼 #다이브인세럼 #수부지세럼 #수부지기초추천 #수부지민감성기초 #민감성기초
안녕하세요 잇님들!
또니입니다:)
오늘은
토리든 다이브인 저분자 히알루론산 세럼
리뷰를 써보려고해요!
또니 돈 주고 직접 구매한 내돈내산 후기인 만큼
토리든 다이브인 세럼을 3주간 매일매일
직접 사용해본
솔직한 리뷰 남겨볼게요!
(한통 다 비움)
토리든 다이브인 세럼 한통 다 비우고 
적어보는 솔직 후기
우선 
또니의 피부타입은
수부지+민감성+트러블
진짜 대환장 파티 콜라보에요
결론부터 말씀드리자면
한통 싹 다 비우고
오늘 올리브영에서
2통 더 쟁여왔습니다 ^_^
사진 정리하면서 확인해보니
2월 11일에 구매해서 사용하기 시작했더라구요
저는 올리브영에서 구매했었는데
50ml에 18000원으로 구매했던것 같아요!
토리든 다이브인세럼은
50ml 용량으로 이 정도 크기에요!
정말 세럼부터 시작해서 에센스 앰플들은
양도 적은데 가격이 어마무시한것 같아요ㅠㅠ..
비쌀거면 용량이라도 대용량으로 만들어줬으면..ㅠㅠ
저는 저번달에 토리든 다이브인 세럼 가격이 18000원일때
구매했는데
오늘은 올리브영에서 1+1 행사를해서
2개를 18000원에 데려왔어요!!!
한병에 9000원으로
 완전 dog이득 이니까
토리든 세럼 구매하실 분들은 얼른 달려가세요!! 
저는 잘 읽지않는
성분표와 주의사항들...ㅎ
사진을 클릭하시면 확대가능합니다!
그럼 수부지 민감성 피부가
무슨 근거로 갑자기
토리든 다이브인 세럼을 샀냐
누군가 묻는다면....
핵핵핵 민감성인 저에게 기초 고를때 신경쓰는건
유해성분이 그나마 적은 제품을 찾는건데
화해에서 뷰티어워드 1위 제품이길래
그나마 믿고 구매했어요
그리고
후기들을 꼼꼼히 살펴보니까
효과가 없다는 리뷰는 있어도
피부가 뒤집어졌다는 리뷰는 없더라구요?
그래서 순한 제품은 맞는듯해서 바로 구입해봤습니다
토리든 세럼은
요렇게 스포이드 형태라서
위생적으로 사용하기 좋더라구요
tmi 겠지만
저는 엄춍난 수부지 민감성 피부로
스트라이덱스 패드 일주일도 사용하기 전에
피부염이 생겨서 피부과를 다녔고
코스알엑스 핌플패드를 쓰고
좁쌉파뤼를 찍었습니다...ㅎ
저는 아하 바하 성분이 안맞는 것 같기도하고?
아무튼 참고해주세요~~
토리든 다이브인세럼은
콧물 보단 더 묽은 제형이에요
그래서 평소에
쫀득 쫀득 쫜득 쫜득한 세럼 느낌을 좋아하시는 분들은
만족하지 못하실수도 있어요!
바르고나면 쫜득한 느낌보다는
묽은 제형의 세럼이
순~~~하게 피부에 흡수되는 느낌이에요
세럼은 손등에 덜어서 발라봤는데요!
솔직히 이 제품 하나만으론 한번만 발라서는
 속당김을 잡긴 어려워요!
저는 3~4번 정도 레이어드해서
발라주는 편이에요
한번만 발라도 속건조를 확! 잡아주는 제품을
 찾으시는 분들에겐
비추에요!
하지만
제가 이 제품을 한통 다 비우고 나서도
2통 더 쟁여 놓은 이유는
제 피부타입이
 수부지+민감성+트러블이기때문에
저는 평소에 기초제품을 고를때
무조건 무조건 정말 순하면서
 여러번 레이어드 하더라도
속건조를 잡아줘야하고
 동시에 피부가 뒤집어지지 않는
제품을 선호하거든요!
딱 토리든 제품이
또니의 선호하는 기초제품에 가까웠던것 같아요!
발랐을때 피부가 정말 편하다는 느낌이 딱! 들었거든요
대신 
이 제품만 바른다고해서 속건조가 완전하게
해결되진 않고
저는 세안 후에
미스트를 듬뿍 뿌려주고
토리든 다이브인 세럼 3~4번 레이어드 해준 후
순한 로션으로 얇게 한번 발라주는 루틴이에요!
요즘 이 루틴으로
열심히 기초케어 관리를 해주고 있는데
속건조도 많이 개선됐고
피부가 편안한 느낌이 들어서 추천하는 제품이에요!
수부지타입이 여름에도 쓰기 좋은
가벼운 세럼인것 같아요!
환절기에는 스킨케어 루틴 중간에
보습력이 좋은 에센스나 앰플을 추가해줘도
괜찮을것 같아요!
오늘 2통 더 쟁여 온 토리든 다이브인 세럼 인증샷^_^vv
지금 올리브영에서 1+1 
18000원에 행사하고 있더라구요!!
구매하실 분들은 달려가세욧!!!!!
토리든 다이브인 세럼 수부지민감성 리뷰 내돈내산
재생 수
32
4
00:00 | 00:50
화질 선택 옵션
자동

접기/펴기
토리든 다이브인 세럼 수부지민감성 리뷰 내돈내산
이웃추가와 공감은 언제나 사랑입니다(하튜하튜)"
"산책하러 나갔다가 
올리브영 세일기간에 구매한 토리든 3초세럼!! 
(토리든 다이브인 세럼 )
1+1 18,000원에 구매했어요 😄
출처: http://m.torriden.com/product/35할인다이브인-%20저분자-%20히알루론산-세럼-속보습-3초-%20세럼-50ml/58/category/63/display/1/
역시 기업에서 찍은 사진이 느낌 있네용 큐
화해 어플에서 1위한 제품이더라구요
사실 써보지 않은 브랜드라 고민했지만
화해어플 믿고 구매해봤습니당
with D-panthenol
피부를 진정시키고 수분을 결합시키는 성질이 있어  피부자체의 보습유지기능을 향상시켜주며 피부에 흡수되면 B5로 변화되어 건조한 피부의 보습력을 높여줘 피부장벽을 튼튼하게 만들어 주는 원료적 특성을 갖고 있다고 하네요👍
출처: 올리브영 어플 상세설명
3초세럼은 적은 양으로 강력한 보습 ! 피부진정 ! 피부스트레스 감소에 효과가 있다고 하네용
너무 콩알만큼 짰네여 ,,ㅋ_ㅋ
맑고 투명한, 적당히 흘러내리는 제형입니당
직접 사용해본 후기
세럼은 화장할 때 때처럼 밀리는 경우가 많았는데
#3초세럼 은 그런 거 전혀 없어요 !
심하게 끈적이는 것없이 뽀송하지만 쫀-득하게 마무리돼요
화장 진짜 잘먹어요!!! 아이폰 사진으로 담기지 않지만ㅠ건성피부 여름세럼으로 찰떡이에요 💙
#토리든 #torriden #화장품 #세럼 #세럼추천 #3초세럼 #올리브영 #올리브영세일 #건성피부 #건성 #여름세럼  #토리든다이브인세럼 #다이브인세럼 #토리든세럼 #다이브인저분자히알루론산세럼#내돈내산
-지극히 개인적인 의견입니당 소박하게 도움이 되시길 바라 봅니당,, 😉 다음 리뷰는 좀 더 잘 써봐야지,,,
점점 성장하길 ,,,
그럼 이만,, 총총,, #서이추환영 합니댱🥰"
"토리든 다이브인 저분자 
히알루론산 세럼
50ml
(내돈내산리뷰)
안녕하세요 프롬젠입니당 ෆ˃̵ᴗ˂̵ෆ 
오늘은 첫 뷰티리뷰를 가지고 왔어요!
봄이 오면서 날씨는 따뜻하지만 피부는 건조해져 가는 
요즘 민감성 + 건성 피부를 가지고 있는 저에게
 너무 잘 맞는 세럼이 있어 소개해드리려고 합니다ㅎㅎ
토리든 다이브인 저분자 히알루론산 세럼
(50ml)
저는 토리든 세럼을 사용하기 전에 숨 에센스를 
사용했어요! 하지만 숨은 워낙 가격대가 있다보니
가성비 좋은 기초를 찾게 되더라구요
그러다 올리브영에서 베스트에 있고 찾아보니
성분도 가격도 너무 착해 바로 구매했어요ㅎㅎ
연한 하늘색의 워터젤 제형 세럼이에요
제품 뒷면에 성분에 대해 나와있어요
향은 무향이고 약산성 세럼입니다
다이브인 세럼에는
저분자 히알루론산과 D- 판테놀이 메인성분으로
피부진정 및 완화 그리고 보습효과를 준다고 하네요
[기초리뷰] 토리든 다이브인 세럼 한 달 후기 : 3초세럼 (1)
재생 수
7
0
00:00 | 00:04
화질 선택 옵션
자동

[기초리뷰] 토리든 다이브인 세럼 한 달 후기 : 3초세럼 (1)
끈적임 없이 산뜻한 제형으로 빠른 흡수와 즉각적으로
속건조가 잡히는 느낌이에요!
메이크업 전 기초단계에서 발라주면 
은은한 광이 나와요✨
[기초리뷰] 토리든 다이브인 세럼 한 달 후기 : 3초세럼 (2)
재생 수
6
0
00:00 | 00:04
화질 선택 옵션
자동

[기초리뷰] 토리든 다이브인 세럼 한 달 후기 : 3초세럼 (2)
양도 50ml로 넉넉해 화장솜에 세럼을 올려 팩으로
사용해도 좋다고 하네요ㅎㅎ
한 달 사용을 해보니 정말 자극 없는 순한 세럼이라
피부가 예민하신 분들께도 추천드려요☺️
저는 속건조가 심한편이라 지금처럼 건조한 계절에는
얼굴 당김이 느껴질 정도였는데
다이브인 세럼을 한 달 사용하니 속건조가 많이 잡혀
조금은 피부가 편안해진 것 같아요
가성비 좋은 보습 세럼으로 추천 드려요!🤍
#토리든세럼#다이브인세럼#히알루론산세럼#3초세럼
#세럼추천#에센스추천#기초케어#스킨케어
#기초리뷰#뷰티리뷰#한달후기#일상블로그 #일상
#서이추환영 #서이추 #내돈내산"
"토리든 다이브인 저분자 히알루론산 세럼
1 + 1 기획세트
용량 : 50ml * 2ea
가격 : 18,000원
올리브영 구경하다가
앰플이 떨어져가는 김에
1+1 하는 김에
화해봤더니 성분 좋은 김에
한번 사봤는데
너무 좋아서 포스팅 ~~!
올리브영 1+1 행사로
100ml를 2만원 안짝으로
살 수 있다니 가성비두 좋군요!
올리브영 토리든 기획세트는
온오프라인 동일하게 4월 초까지 진행!
주의성분 0개
2019 화해 뷰티 어워드
세럼/앰플 부문 1위를 했네요•ㅁ•
평점두 4.45!!
예민하신 분들도 걱정을
내려놓고 구매하실 수 있겠네요 
병에 담긴
색이 너무 예뻐요
피부를 보호해주는
말라카이트의 추출물의 본연의 색이래요!
막상 마르면 투명하지만!!
올리브영 토리든 세럼 
용기에는 유해성분들이 함유되지
않았다는 표시가 있어요!!
텍스쳐는 묽고 가벼운 편이지만
물토너보단 무거운 제형이에요!
워터 젤 텍스쳐~~
처음엔 미끈하게 발리다가 흡수가 
챱챱 빠르게 돼요
올리브영 토리든 세럼 3초세럼
재생 수
4
00:00 | 00:05
화질 선택 옵션
자동

접기/펴기
올리브영 토리든 세럼 화해 추천
바른 직 후 광이 나지만
끈적이진 않아서 좋아씀!!
히알루론산이 함유된
제품들은 처음 바를 때 미끄덩 거리는 느낌이
어느정도는 다 있는 것 같아요
하지만 토리든 세럼은 흡수가 빠르니 화장이
밀리거나 겉돈다는 느낌은 없었어요!
건조한 날엔 저녁기초에서
두번 정도 레이어드하구
푹 자면 수분 뿜뿜 🥳
내돈내산 후기 끝!"
"피지오겔을 발라도, 아무리 보습 크림을 덧발라줘도 건조한 요즘!
얼굴이 간지럽고, 당기고.. 분명 건조한데 아무리 보습 크림을 발라줘도 해결이 되지 않았다.
또 피부 요철이 갑자기 엄청 심각해졌다...
난 여러 검색을 통해 이게 속 건조 때문임을 알아냈고, 바로 화해 앱을 검색하여 수분 세럼을 구입했다.
토리든 다이브인 저분자 히알루론산 세럼
50ml
18,000원
토리든 다이브인 세럼은 저분자 히알루론산 세럼으로 화해 앱 세럼/앰풀 부문 1위를 차지하고 있는 제품이다.
우선 성분이 좋고, 저분자 히알루론산으로 속보습을 잡아준다.
또한 약산성 제품으로, 피부의 유수분 밸런스를 맞춰준다.
그리고.. 색이 너무 영롱하니 예쁘다.. 에메랄드빛.. 
어플리케이터는 이렇게 스포이드 모양으로 되어있다. 
스포이드로 세럼을 빨아들여 얼굴에 떨어트린 후 풀어주고 발라주면 된다.
제형은 요렇게 스르륵 흘러내리는 제형이다.
사실 내가 처음에 기대한 건 엄청난 완전 끈적한 제형이었다.
예전에 히알루론산 토너를 써본 적이 있었는데, 그건 완전 끈적끈적했었다. 그래서 그 느낌을 상상했는데..
생각해보니 그 제품은 고분자 히알루론산이었나?? 싶다.
요 세럼은 그 정도는 아니고 말 그대로 콧물 같은 제형이다. 적당히 쫀쫀하면서도 흐르는??
고분자 제품보다 펴 바르기 수월했다!
토리든 다이브인 저분자 히알루론산 세럼
재생 수
1
0
00:00 | 00:04
화질 선택 옵션
자동

접기/펴기
토리든 다이브인 저분자 히알루론산 세럼 제형
이해를 돕기 위해 손등에 세럼을 떨어트리고 동영상으로 한번 찍어봤다. ㅎㅎ
아무래도 콧물 제형이라 스스로 잘 흐르지 않아서 손을 이리저리 움직였다.
약 10일 동안 아침 및 취침 전에 이 제품을 발라주었다.
토너는 생략하고 세럼-약산성 로션-보습 크림 순으로 발라주었으며, 현재 속 건조가 너무 심해 수분을 충분히 심어주고자
스포이드를 세 번 가득 사용하여  이마, 양쪽 볼에 떨어트려 톡톡 발라주었다.
첫 2-3일에는 뭐 큰 효과는 못 느꼈다. 
헌데 한 5일 정도 된 날부터 건조함이 완화되는 것을 느꼈고, 10일째인 지금은 정말 속 건조가 꽤 잡혔다.
이전에는 유분기 최고인 피지오겔 인텐시브 크림을 마지막에 발라줘도 뭔가 얼굴이 땅기고 건조하고, 또 덧발라줘도 시간이 지나면 건조해졌었다.
헌데 요 세럼을 사용한 후부터는 건조한 느낌이 줄어들다가 현재는 거의 사라졌고, 마지막 보습 크림을 유분기가 덜한 피지오겔 레드수딩으로 바꿔줬음에도 아무 문제가 없고 오히려 유분기는 줄고 수분기는 늘어 피부 결이 더 좋아진 느낌이다.
피부 유수분 밸런스 때문에 고민 중이신 분들!
뭔가 피부를 만져봤을 때 유분은 많은데 얼굴이 땅기거나 건조하다고 느끼시는 분들!
피부 요철이 급 생기신 분들!
수분 세럼을 사용해 보시는 게 어떨까 싶다.
꼭 토리든 제품이 아니더라도 본인의 피부와 맞는 제품을 찾아 사용하시면 좋을 것 같다.
토리든 다이브인 저분자 히알루론산 세럼
속 건조로 고생하시는 분들에게 추천
피부 유분기는 많은데 뭔가 건조하다고 느끼는 분들에게 추천
피부가 예민하신 분들도 문제없이 사용 가능"
"아주아주 오랜만에
사소한 리뷰를 올립니다!
오늘의 공병은
토리븐 다이브인 저분자 히알루론산 세럼
아주 싹싹 깨끗하게
2병을 비웠습니다.
뷰티블로그라 여러 브랜드 화장품을
경험할 일이 많은데 
기초는 허세 없이 좋은 성분에 집중한 제품이 
정말 사용감이 편하더라구요.
몇 가지 기초라인밖에 없는 이 브랜드가
몇달째 꾸준한 인기를 얻고 있다는 건
그만큼 토리든의 제품력이 좋다는 거겠죠?
긍정적인 서두로 리뷰 시작합니다!
참고로 저는 구매한 지 몇 달 되어서
리뉴얼 전 버전입니다! 
전 성분은 동일하고
용기만 바뀌었대용
속건조 잡는 세럼으로 인기였고
화해, 글로우픽에서 랭킹 1~2위였던 걸로 기억해요.
마침 두개 묶음 할인행사를 하고 있어서
질렀습니다.
지금 홈페이지 들어가보니 두개 묶음에
토너까지 주네요.....
피부를 위해
성분을 양보하지 않았다 라고 강조합니다.
뚜껑을 열어서
손바닥에 쾅쾅 털어서
사용했습니다 
세럼들은 왜 이리 작을까요 ㅠㅠ 
#토리든세럼 #솔직리뷰
제 피부는 악건성입니다. 
여름에는 복합성이지만 대체로 항상 건조한 편이에요.
겨울~봄 시즌부터 사용했는데
속건조가 잡히는 게 신기했어요.
저와 같은 악건성이신 분들은
봄, 겨울에 미칠듯한 건조함을 아실거에요 ㅜㅜ
피부 장벽에 좋다는 크림을 발라도
겉으로만 스며드는 느낌....
건조한 땅 표면에만 물을 주는 느낌...
토리든 다이브인 저분자히알루론산 세럼은
피부에 편~~안하게 건조함을 잡아주고
무겁지도 않고 너무 가볍지도 않고
무난하게 사용하기 좋았습니다!
주변에서 속건조 세럼 추천해달라고 하면
토리든 추천할거에요~
내돈내산 공병후기 
사소한 리뷰였습니다. 
빠른 인사! 뿅"
"예민하고 건성중에 악건성인 저의 피부의 보습관리를 위해 선택한 제품은 토리든 브랜드의 ""다이브인 저분자 히알루론산 세럼"" 입니다 

겨울이 시작되면서 속건조/수분부족이 느껴져서 수분앰플을 찾던 중에 '화해'라는 어플에서 2019년도 에센스/앰플/세럼 부분 화해 뷰티어워드 1위를 차지한 베스트 상품이라서 믿고 샀던 것 같아요 ㅎㅎ
 토리든 다이브인 세럼
저분자 히알루론산 세럼이라서 건조한 피부, 건성피부, 속건조에 즉각적으로 수분을 채워주면서 오랜기간동안 보습을 유지시켜준데요 

저는 답답한느낌의 화장품을 안좋아하는데 이제품은 히알루론산의 특유의 무겁거나 답답한 느낌이 안들어서 너무 좋았어요
그리고 흡수력도 굉장히 좋았고, 아주 가벼운 수분팩을 해준 것 같은 수분감과 보습감 Good!!
저는 이제품 때문인지 짜잘짜잘한? 좁쌀 같은 여드름이 전보다는 덜 생기는 느낌이에요 

가격은 28,000원 정도 했던거 같아요 저는 화해어플에서 구매해서 할인된 가격으로 만원대에 구매했던 것같아요 "
"두둥!! 이것이 무엇이냐~ 코로나 영향으로 오프 쇼핑을 지양하던 나에게 한 줄기 햇살같은 소식!!
올리브영 오늘드림!!
간략하게 '오늘드림'이라는 것에 대해 소개를 해보자면
📍 오늘드림 주문 건은 오늘 도착합니다 : )
▶New 3!4!배송 (PM3~4): 낮 1시 전 주문, 낮 3~4시 도착!
▶New 미드나잇배송(PM10~12) : 밤 8시 전 주문, 밤 10~12시 도착!
▶빠름배송 : 밤 8시 이전 주문 건에 한해 3시간 이내 도착!
*단, 빠름 배송 오후 8시~다음날 오전 10시까지 주문건은 다음날 오후 1시까지 배송
 오후 한시에 주문을 했는데 2시간도 안되서 받았다는... 어머!! 이건 꼭 해봐야해!!
 외형관찰
언박싱을 하고 나의 수분을 채워줄 제품이 등장했다!!
너만 믿는다 리든아~~
지금 올리브영 온라인에서 1+1 행사를 진행하고 있다는!! 얼른 가서 데려오자!!
화해 1위 세럼답게 4주간의 피부변화에서도 칭찬을 한 몸에 받았던 이 제품!!
개별 제품은 요로케 생겼습니다.
제형 테스트
제형 테스트!! 순한 세럼답게 물과 콧물형의 중간형태이다!! 맑은 콧물이라고 하면 이해가 쉬울듯!!
성분 분석
출처:글로우픽
33가지 전성분을 보면 낮은 위험도의 성분으로 구성된 아주 착하고 순딩한 녀석이다!!! 저자극 고보습 세럼을 시그니쳐로 한 제품임에 틀림없다!!
이정도면 나의 민감성 피부를 믿고 맡길 수 있겠어!!
토리든 다이브인 저분자 히알루론산 세럼 1+1 기획세트
판매처
GSSHOP
가격
18,000원
즉각적인 수분공급과 깔끔한 흡수력, 기본에 충실한 세럼!!
 찐득하지않고 깔끔함을 추구한 나에게 이 녀석은 안성맞춤이다.
요기 눌러서 1+1으로 토리든 다이브인 세럼 업어가요!! 두번사!! 아니~~ 평생템이야 이건!!
여기까지 블루베리남의 내돈내산 후기였습니다~~"
"안냐세용 ! 만두입니댜 !!
날씨가 갑자기 많이 쌀쌀해진것 같아요  
겨울이오고 하니 피부가 많이 건조해졌어요 
저는 너무 심해져서 병원에도 가고 약도먹기도 했어요 
저는 원래 그냥 지성피부였는데 , 
어느 순간 피부면역력 장벽이 약해졌는지 수분부족지성으로 바뀌게 되었고 
기름은 많지만 속건성이생기는 아주 불행한 ...피부가 되었어요 
흑 
퓨
뿌엥 
제일 안좋은거같아이게 ...
후 
암턴 그래서 화장품 잘 모르는 화알못이지만 
나름 성분도 찾아보고 후기도 많이 찾아보면서
지성피부인 저에게 맞는 화장품들을 찾기 시작했어요 
수분부족지성 즉 수부지가 건강한 피부가 되기 위해서는 
수분과 유분의 조화가 아주 적절해야해요
피부좋으신 중성분들이 왜 피부가좋은가보면
당기지도않고 유분이 폭발하지도않잖아요 
(넘나 부러븐것)
저는 이미 지성피부 유분이 폭발하니까 수분충전위주로 찾아봤던것 같아요 
이게다 맞는건 아니에요 ! 
참고만해주세요 ! 
지금부터 내돈내산 지성피부 수분크림추천 실제후기 스타토 ! 
그러다 찾게 된 게 토리든이라는 브랜드에용 
처음에 지성피부인 제가 토리든을 접하게 된 건 
화해 어플에서 검색해 보다가 알게되었는데요 
플네임은 토리든 다이브인 저분자히알루론산세럼이였어요
히알루론산이 수분충전에 좋은건 다들아시죠 ! 
거기에 저분자이기도하다보니 더 흡수가 좋다고 하더라구요  ! 
또한
콧물제형에 스포이드형식으로 사용하다보니 위생적이였어요 
무엇보다 사용감 !  지성피부이고 끈적임을 싫어하는 저는
바로 흡수가 되서 춱춱하게 마무리되는게 좋았어요 ㅠㅠ!
무려 3통째 사용하는 중이랍니댜 ...☆
서론이 너무길었죠 ! 
그래서 수분부족지성인 제가 세럼을 세통이나 써보고 
아여기는 나와 잘맞는 브랜드인 것 같다 싶어 
믿고 구매한 토리든 다이브인 수분크림 ! 
#내돈내산 입니다 
이것 또한 저분자 히알루론산 크림이에요 
저분자 히알루론산 세럼이랑 같이쓰면 효과가 두배가 될 것 같 하 - !!! >_< 
잠시 팩트체크 들어갑니다 
미네랄오일 들어가있지 않아요 
등등등 
No 
왜케많아 ! 
지성피부인 제가 수분크림고를때 중요하게 생각하는 것중 하나가 성분인데요 
이정도면 뭐 완벽하죠  - 
저분자 히알루론산과 5d복합히알루론산이 거친피부에 수분을 빠르게 공급
수분보호막 ! 수분유지력향상 !!! 
피부장벽케어 ! 
저에게 정말 필ㄹ요해요 피부면역력 ㅠㅠ 
세럼만큼 좋은 효과 있기를 바라면서 
용량은 80ml입니다 
가격은 화해 어플에서 할인가로 구매하여 
1+1 16000원쯤에 구매했어요 
음  이정도 가격이면 개이덕 ?
사이주가 좀 작긴한데 써보고 좋으면 또 할인가를 노려볼 생각이에요 
다덜 원가주고 사지는 맙시다 ! 
화해에서 자주 세일하구있어요  ! 
지성피부 수분크림 추천 토리든 수분크림 
본품에도 깨알같이 다 적혀있네용 
아주 믿음이 가  
안전하게 씰로 막혀있는것을 떼고 사용했어요 
제형은 크림보다는 로션제형에 가까워요 
가벼운제형을 좋아하는 수분부족지성 수부지 만두에게는 넘나 좋아하는제형 
슥 펴발라보기도하구요 
바로 톡톡 흡수시켜주면 기름지지않고 끈적이지않고
아주 - 
완 벼 캐 !  ★
조금부족하다싶으면 저는 2-3번 얇게 레이어링해서 발라주는 방법을 추천해요 ! 
ㅈㅓ도 그방법을 쓰고있는데
수분보호막이 더 잘 입혀지는 느낌적인 느낌 
(세럼도 그렇게 바르고있어요) 
지성피부에게 유분은 줄이고
수분은 꽉채워주는
춱춱한 수분크림 추천
토리든 다이브인 저분자 히알루론산 크림이였습니댜 - 
많은  도움 되셨길 바라요 - ♡"
"내돈주고 직접 구매한 주관적인 찐리뷰
나나리뽀
요즘에 화장품이 다 떨어져서
인터넷이랑 화해어플 뒤지며 뭘 살까 행복한 고민에 빠져있었다
그런데 나는 소비공주이기 때문에
다 사고싶어죽겠는데..(아껴써야하므로..)
일마치고 일터 근처 올리브영가서 직접 발라보기로 했다
(발라봐도 되는지 모르겠지만 그냥냅두심..ㅋ 스포이드였음! 손등에바름!)
1.다이브인 저분자 히알루론산 세럼
2.비플레인 시카풀 앰플
3.코스알엑스 풀핏 프로폴리스 라이트 앰플
4.동국제약 마데카 앰플
5.웰라쥬 블루앰플
너무너무 궁금했다 ^^
하지만 거의 다 내 기대를 저버렸다ㅜㅡ
예전에는 피부좋다는 소리를 매일같이 들었는데..
이제 나이도 많이 먹어서 그런가 그런말 1도못듣고 나도 포기함
지금은 되게 얼굴이 건조하고 무슨 일 있어보임
속건조가 굉장히 심하고
씻고 나오면 얼굴이 엄청 땡기고 푸석푸석하다못해 얼굴에 가뭄이 지는듯하다
그래서 나는 속건조를 잡아주고 예전처럼 물광지는 피부결을 되찾고 싶었는데..
솔직히 나이는 거스를 수 없나보다
몇만원으로 거스르려 하다니..욕심이 과했따 (피부과 예약이나 하장)
그중에 코스알엑스 앰플과 마데카 엠플이 가장 쫀쫀하고 끈적끈적해서
내생각엔 이게 뭔가 바르고나서 내건조함을 다 채워줄것만 같았다
코스알엑스 앰플은 프로폴리스라 끈적한데
동국제약은 왜 끈적한지 알수없다 안궁금하다 솔직히
잘 발리고 피부에 좋으면 됬지~
아무튼 마데카앰플이 그날 가장 촉촉해서 올리브영과 인터넷으로 가격비교를 한다음
인터넷으로 그날 밤에 주문했다
주문하는김에 마스크팩과 
크림도 어떤지 느낌만 볼라고 유통기한 얼마안남은
세일상품  겟! 
일단 팩은 다음에 하기로 하고
(오늘은 넘 피곤쓰..)
일단 세럼을 손에 발라보았다
음 굉장히 꾸덕지다
손등에 바르고 위로 들어봤는데 안흘러내린다!
손등에 골고루 펴발라주고
톡톡톡 두드려 흡수시켜주었다
건조했던 내 손에 물광이 스리슬쩍 느껴진다
.
재생 수
5
0
00:00 | 00:10
화질 선택 옵션
자동

접기/펴기
.
바른쪽과 안바른쪽의 피부느낌 ...
저것도 오늘 바디로션 바르구 나갔다 들어온지 얼마 안됬는딩...
늙음이란..
앞으로 더 늙을날이 많이 남았는데 어떡하지ㅡㅜ
그리구 마데카크림
음 ~ 미백과 주름개선 기능성 화장품이었구나~
오~~주름개선 꼭 좀 부탁드립니다요^^ 
너무 째끄매서 귀엽기까지하다
아담햇.,!!
건조한 내 팔뚝
크림은 당연히 되직하다 예상적중!
역시 되직하기때문에 좀더 톡톡 두드려줬다
크림이라 더 촉촉해진 느낌이다
하지만 뭔가 만족스럽지 못하다
얼굴도 너무 간지럽고 직접 체험당하고싶어
바로 세안하고 실험을 시작해보았다
음 모공이 자세하게 나왔네...;ㅋ 
씻고 나오자마자 건조함이 팍팍 느껴지는 내 피부
세럼이 스포이드 형식인데 잘 안빨려서 몇번 하다보니 적응됬다
한방울 투척!
골고루 발라주었다
아주 촉촉해졌다 (끈적거린다)
아 모공..
크림투척!
오우 광이 더 빛을 발하는것같다
한시간이 지났는데도 처음처럼은 아니지만 광도 유지되고 피부가 좋아보인다
모공도 멀리서보면 저렇게 심하지않아(자기합리화)
음 몇일동안 고르고 직접 가서 발라보고 사길 잘한것같다
앰플이랑 크림 몇개 더 샀는데 하나씩 올려야지
오늘은 마데카파티였다
팩 7장 한묶음에 4500원인가?
갱장히 저렴해서 같이 구매해보았다
같은 회사에서 나온거니까 안써도 좋을 것 같다
팩이 거기서 거기지 뭐
근데 더 쫀득쫀득 할듯
갑자기 생각나는건데 팩은 웰라쥬랑 듀이셀이다
크게 써있다 피부진정,모공관리,수분공급
모공관리
한번 찍어보았다 예쁘게 나와서 올려본다
아 정말 피부가 몰라보게 촉촉해졌다
광까지 나네
기분좋네 기쁘다
내 피부는 뭐든지 잘 맞는 피부라서
아무거나 갖다 써도 왠만하면 트러블이 안난다
그래서 오늘 산 화장품도 트러블이 하나도 없다
한번쯤 너무 건조함이 심하면 써보는 것 추천
내돈내산 후기 끄읕 !!
#동국제약 #동국제약마데카세럼 #동국제약마데카크림 #동국제약마데카팩 #마데카세럼 #마데카크림 #팩 #속건조 #속건조피부 #세럼추천 #앰플추천 #내돈내산세럼 #악건성 #악건성크림 #내돈내산크림 #크림추천 #마데카 #서이추 #서이추환영"
"저 나름
패션블로거를 지향하는데요..
ㅋㅋㅋㅋㅋㅋㅋㅋㅋㅋ^^;;
이번 글은
바로
일주일? 이주일 가량
대혼란 대공황기었던
제 피부에 관해 포스팅해보려고 합니다.
음
그날 아니었구여,,
겨울에 머 피부 한번 뒤집어 지는거 아닌가
라고
생각하려고 했지만
이건 머
고딩때도 취준생때도 경험하지 못한
신세계(?)라
저와 같은 고통을 겪으시는 분들에게
조금이나마 힘이되고자ㅠㅠ
(저는 티존은 기름 좔좔 유존은 사막 그 자체인 복합성 피부구.,. 평소에 크게 여드름은 나지 않는 피부타입을 가지고 있어요)
바야흐로
명절 직전에
이마가 모래알처럼
오돌토돌한 것들이 엄청나게 올라온거에요
이마 중간부터 헤어라인까지!!
원래 조금만 머 올라와도
못참고 바로 짜버리는 성격인데
이건 저의 영역치를 넘어선거 같아서
피부과를 달려갔읍니다.
이거슨 혐오 축에도 못끼는 샤싱^^
보이시나요?
잔머리 밑부분에 빨갛게 올라온거ㅜㅜ
사진으론 보이지 않지만 잔머리있는 부분도 난리었답니다ㅠㅠㅠㅠ
피부과전문의가 있는
피부과로 달려갔죠
보더니
최근에 샴푸 바꿔쓰셨냐고..(네!!)
샴푸로 인한 접촉성 피부염인것 같다고 하시면서
약 5일치 줄테니 먹어보고
나아지면
약을 점차 줄이라고 하셨어요.
혹시나해서
좁쌀여드름은 아니에요?라고 여쭤봤는데
좁쌀여드름은 아니라고
기초화장품은 바꿀필요가 없다고 하셨습니다.
그러면서 절대 건들지 말라고,, 건드리면 더 크게 번질수 있다고 하셨어요.
(옉끼 이사람아!!)
먹는 스테로이드제랑
바르는 스테로이드 연고를 처방해주셨어요
스테로이드 극혐이지만(모든 호르몬 제제는 싫어합니다)
 의사선생님 믿고, 처방대로 먹어보고 하루에 한두번씩 연고도 발라줬어요
그런데 말이죠.
하...
헤어라인쪽에 빨갛게 올라왔던 건 잠잠해 지는데
이마에 있던 모래알들이
점점 존재감을 드러내는 거에요,,
혐오1(시작에 불과함)
이때부터
의사의 처방을 그대로 따라야 할지 의심이 가고
스테로이드와 여드름의 연관성에 대해 찾아보았는데..
알고보니
스테로이드의 부작용이 여드름,,
ㅆㅂ
당시 나으 표정(김연경선수님 사랑합니다)
너무 약을 오래 먹었나 싶다가도
3일 먹었는데
3일 연고 발랐는데
이렇게 피부가 안좋아 질수가 있나 싶었읍니다ㅠㅠㅠ엉엉
이때부터 약이랑 연고 다끊고
좁쌀여드름 어떻게 관리해야 되는지 검색하러 다녔어요
혐오2 아아아아아ㅏ아아아아아아아ㅏㅏㅏㅏㅏㅏㅏㅏㅏㅏㅏㅏㅏㅏㅏㅏㅏㅏㅏㅏㅏㅏㅏㅏㅏㅏㅏㅏㅏㅏㅏㅏㅏㅏㅏㅏㅏㅏㅏㅏㅏㅏㄱ!!!!!
일단
약국에서 침바늘이랑 소독솜 사서
뿌리가 보이는 좁쌀들을 깨끗이 짜주었어요,
짜줄땐
지긋이 눌러만 주기!!!
올리브영에서 파는 압출기구를 쓰는데
피부를 긁으면서 짜내지 말라고 하더라고여??
그게 피부 벗겨지면서 흉터로 될수 있다고..(이제까지 몰랐자나ㅠㅠ)
써치하던 중
도움이 되었던 유튭 영상 하나!
이 분 말로는
좁쌀여드름엔
히알루론산 + 세라마이드 가 중요하다고 해요!
유수분 밸런스가 깨지면서 좁쌀이 생기는건데
대부분의 경우 수분이 부족해서 생기는게 더 많은가 봐요ㅠㅠ
(하긴 지금은 계절도 겨울이니,,)
ㄴ ㅏ란년 몬난년
겨울인데 수분크림도 안바르고
재생크림있죠,, 아벤느 시칼파트SOS 를 몇개월째 발랐는데
그게 피부에 안좋았던것 같아요
(철이 없었죠,, 그 리치하고 끈적거리는게 피부장벽인줄 알았,,)
사실 여름부터 토너-비타민세럼-재생크림 순으로 기초를 했었는데
피부에 별 문제가 없었거든요?!ㅠㅠ
생각해보니 수분라인이 하나도 없던 나년의 기초라인,,,
쿠팡에서 로켓 되는 아이들 위주로 검색하다가
알게된
나으 구세주
나으 예수님 하느님 성모마리아님 
#토리든다이브인세럼
#토리든마스크팩
#닥터자르트세라마이딘크림
쿠팡 기준 100ml에 31,300
#토리든다이브인저분자히알루론산세럼
화해 앱에서도 평점 좋은 아이로 유명한가바요
나만 몰랐나바,.
저분자 히알루론산과 D-판테놀의 상호작용으로
강력한 속보습에 도움을 준다는데..
전 토너 이후에 이마와 양쪽 볼에 찹찹 발라주었어요
위에 올려둔 사진은 물처럼 나왔는데
그래도 세럼인듯 점성이 있어서
쫀쫀하게 스며들어요
저 15,000에 구매했는데 지금은 쿠팡가 21,780...???!!!!
감히 극찬함니다
#토리든다이브인마스크팩
진짜 써보고
제일 놀랐던 아이템
여드름 짜고나서 직후에 마스크팩 올려두었더니
금세 진정되는 효과가 있었어요
그래서 일주일동안 나이트케어로
토너 이후 마스크팩을 올려줬는데
그게 진짜 피부에 도움이 많이 된것 같아요
냉장고에 평생 쟁여둘 아이템
강추합니다!!!!!
시트지 부드럽고
에센스가 많이 함유되어서
20분 붙이고 나서도
손으로 흡수시켜줘야 해요
15ml *3개 24,600
째깐합니다,, 대용량은 로켓에 없었어요ㅠㅠ
#세라마이드 란
각질층을 이루고 있는 지질성분을 얘기하는데
세포간 지질의 비중이 50% 유지되면 건강한 피부래요
즉 이 지질성분이 부족할 경우 피부 속 수분이 증발하여 쉽게 피부가 건조해진다고 하는데요
#닥터자르트세라마이딘크림 은
유분기가 적절히 있어서
지성, 건성 다 사용하기 좋은 제형이에요
몇번 찹찹 두드려주면 끈적임 없이 스며들더라구요
(크림 특유의 겉도는 느낌이 없음)
무겁지 않아서 메이크업 전에도 바르기 좋았구
쿠팡 리뷰만 봐도 겨울에 속건조일때 바르면 직빵이라고^^
혐오3
화장품 3종 사용 1일 차
마스크팩 하기 전
아직 대공사가 필요합니다만..
바로 위 사진에서 마스크팩만 했는데
벌써 진정효과 보이죠
마스크팩을 밤마다 올려주고
흡수시키는데 공을 들였어요
여드름 짜고 난 부위는 후시딘이나 베아로반 발라줬고요
2일차인가 3일차인가
진짜 많이 진정된 피부
하지만
또 새로운 아이들이 올라옵니다..^^
자극 남지 않게 짜주고
언능 마스크팩 올려줫어요
짜잔
일주일 지난 저의 피부에요
(아니 일주일밖에 안되었는데 이렇게나 좋아진다고??)
색소침착이 되긴 했지만
그 전에 났던 것들은 이미 다 진정이 되었고
좁쌀여드름은 크게 올라오지 않고 있어요
좁쌀로 고생하시는 분들이나
아직 기초라인 못잡으신 분들
진짜 히알루론산 + 세라마이딘 조합
강추합니다
ㅠㅠ
토리든이나 닥터자르트 다른 라인도 써보고 싶을정도로
일주일동안 효과를 많이 봤어요
가격도 높지 않은 제품들이니
진짜진짜 꼭 한번 써보시길
이상 내돈내산 제품리뷰 끝^^"
"공병 샤샤샤샷!
늘 내돈내고 사서 쓴다는 점 잊지 말아주세요.
ㅋㅋㅋㅋㅋㅋㅋㅋㅋㅋㅋ
현재 피부 상태 :
 건조하고 알 수 없는 트러블로 간지러움 동반중 ㅠ
#화장품리뷰 #화장품공병후기
1. 엘리자베스아덴 그린티 바디로션
날이 조금 더워진다 싶으면 바로 이 제품으로 갈아탄다.
끈적이지 않고 무엇보다 향이 참 마음에 든다.
향기의 지속력은 꽝이지만 바르는 순간이라도 좋음 됐다.
한 통 금방 쓰는게 단점이라면 단점이랄까? ㅎ
2. 더바디샵 캐럿 워시 에너자이징 페이스 클렌저
제발 제품 이름 좀 간단하고 짧게 안되겠습니까?
더바디샵 당근 폼클렌저.
요렇게..... ㅋㅋㅋㅋㅋㅋ
더바디샵 알로에 폼클렌징 쓰다가 
그냥 한 번 써보고 싶어서 이거 샀는데
거품이 징그랍게 안난다.
뚜껑 열고 닫는것도 불편하고
거품도 잘 안나고 앞으로 안 쓸랭.
3. 로레알 엑스트라 오디네리 오일인크림
#헤어오일 #헤어오일추천
요거 요거 추천합니당.
이거 저녁에 바르고 
다음날 아침 머리감을 때 느낌이 다르다.
어떻게 다르냐고는 묻지 마세요 표현을 못하니까 ;;
그치만 소심하게 표현 해보자면
부드러움의 정도가 다르다고나 할까,
아니면 엉킴의 정도가 다르다고 해야 하나.
전에 쓰던 토니모리 아르간 오일하고 확실한 차이를 느낌.
그래서 토니모리는 딸한테 발라주고 
이거는 내가 바름.
ㅋㅋㅋㅋㅋㅋㅋㅋㅋㅋㅋㅋㅋㅋㅋㅋ
단점은 유리로 되어 있어서 좀 무겁고
용기가 불투명이라 얼마나 남았는지를 모름.
그거 빼고 없음.
추천!
4. 토리든 다이브인세럼, 토리든 다이브인 저분자 히알루론산 세럼
오래전에 썼던 히알루론산 제품은 흡수도 안되고 글드만
요즘에는 제품이 좋아진건지 내 피부가 더 건조해진건지
아주 그냥 쏙쏙 잘 먹네.
토너 후 이 세럼 한 번 펌핑 해서 바르고
다시 한 번 더 바름. (레이어드)
흡수도 잘 되고 끈적이지 않고 순한 것 같다.
어메이징한 효과는 모르겠고
예전에 1+1으로 사서 지금 남은 한 병 마저 사용하고 있는데
다 쓰면 재구입 할지 여부는 잘 모르겠다.
발레아 웰니스 앰플
#발레아앰플 #발레아웰니스
전에 썼던 발레아 앰플이 마음에 들었던터라
더 고급져 보이는 이 앰플을 한 번 사 보았다.
향이 매우 약 냄새 같음.
복숭아향에 약냄새가 섞이고(1~4,7일차)
다크초콜릿 향에 약냄새가 섞인 그런 향임.(5,6일차)
좋은 효과는 모르겠고
앰플 뜯다가 미세한 유리 조각이 섞여 나와
얼굴에 상처를......+_+
다신 안 써야겠다 했던 제품.
롭스 직원분은 좋다고 추천해줬는데
흑흑 ㅠㅠ 나에게는 꽝이었어요.
케라시스 케라마이드 열손상 클리닉 트리트먼트
#케라시스트리트먼트 #케라시스열손상트리트먼트
전에도 추천했던 것 같은데..
저렴한 가격에 좋은 성능(?)을 가진 녀석.
올리브영에서 세일하면 3900원.
용기 디자인이 살짝 바뀌어서 
사진 속 트리트먼트는 옛날 디자인이다.
이번에 세일 할 때 나도 3개 쟁여뒀다. (든든하다 ㅎㅎ)
괜찮아서 여기저기 추천했고
조카도 이거 아니면 안쓴다고 할 정도로 
좋은 제품이니 써보세용?! ㅎㅎ
내돈내산 후기 끝!"
"안녕하세요 화장품에 관한 지식으로
돌아온 다람도령입니다
오늘은 최근 트러블로 얼굴이 한바탕
난리난 뒤로 
진정에 진정을 거듭한 후 쓰는
눈물의 후기...따흑..
최근 전성분에 관한 EWG가
잘못되었다는 논란..
설페이트계화장품,파라벤등이 들은
화장품이 나쁘다 그렇지않다
갑론을박을 넘어 민감성피부이자 코덕인
제가 최근 깨달은 몇가지를 
여러분과 얘기하고자 합니다!
유튜브 디렉터파이채널을 구독하고 화해어플로
성분검색을 여전히 하고있지만
이와 더불어 안언니나 화장품비평가최지현
채널도 동시에 보고있어 저는
양쪽말이 모두 어느정도 일리있다고
생각합니다 
그리고 제 생각을 정리해보자면
1.민감성피부면 
20가지 주의성분은
피하는게 좋다
소듐라우릴 설페이트등의 샴푸와 각종 
바디워시에 들어있는 설페이트계 워시류는
일반피부의 사용자면 전혀 문제없지만
50대이상 부모님
(노령으로 안구가 건조한편인 사람)이나 민감성피부는 샴푸이후
눈이 급격하게 붉게 충혈된다
그만큼 예민한 피부나 점막의 소유자에게는
여전히 좋지않다 생각이 든다
나같은 경우는 온몸이 극지성이라 설페이트계 바디워시는 괜찮지만 샴푸는 반드시 
설페이트를 피하기로 했다
(너무 건조해지고 눈이 충혈되면서 아픔)
2.EWG전성분이 올그린이라해서
항상 트러블에서 
자유로운것은 아니다
본인이 우선 어떤것에 알러지반응이 있는지가
가장 중요하겠다
전성분을 보는 이유는 제품을 사용해보고
알러지반응이 있을때
그것을 피하기위해서이다
나의 경우는 해당성분이
화해에서 그린등급의 성분임에도
트러블이 난다
대부분민감성피부가
피해야하지싶어 공유해본다
1.유자,감귤등의 시트러스계열의 
추출물이나 향료는 알러지가 있다
레몬오일은 괜찮은거 같은데 오렌지오일,유자머시기추출물이 들은
제품은 항상 트러블이 난다
다른 한율제품사고 받은 작은 샘플이었는데
한율 쑥,박하,쌀 다 잘맞는데 유자는 안맞음
한율 달빛유자수면팩
에스쁘아 비글로우쿠션은 최애인데 얘만 뿌리면 뿌린자국대로 좁쌀남
에스쁘아 글로우픽스미스트
아..오렌지오일
마녀공장 퓨어클렌징오일
2.에탄올,알코올등의 다량함유는
알러지를 유발한다
 얇은 피부라 최근
 손소독을 조금만 많이 하거나 
거품펌핑하는 비누로
손을 자주 씻으면 빠르게 건조해지면서 가렵고 물집같은게 올라온다 에탄올이
상위에 있는 제품은 얼굴에 트러블이난다
(페녹시에탄올 소량은 괜찮았음)
보습잘해주면 괜찮지만 자주 씼으면
가렵고 손등에좁쌀남 핸드크림 보습해주면 괜찮음
크리넥스 버블버블핸드워시
여름에 잘지워지고 쿨링감있고 시원한데 노워시타입이라 계속썼더니 나중에 피부난리난리남 
드림웍스 노워시퀵슈렉클렌징티슈
유명제품이라 3시간 더 잔 피부만들어준데서 좋아라했는데 이상하게 밤에 잘때만 얼굴이 가려웠음 
이거 딱 끊으니 안가려움
아이오페 스템3앰플
구매내역없어서 집에서 놀고있는애 찾아 인증 화장품정리하며 쓰레기통으로...
3.갈락토미세스,발효고함량
히알루론산등의 
각종 발효성분함유제품
원래 발효 안써야하는 피부인데 최근에
닦토하면 민감성에도 순하게 좋데서 샀다가 
피부난리난리남
그냥 민감성은 발효피해야함
추가로 모든 피부과의사들이 입모아 얘기함
닦토하지마세요!
토너패드쓰지마세요!
""손으로 촵촵흡토하세요""
근데 자꾸 토너패드출시하는 브랜드들은
뭘까..눈이랑 입술은 어쩔수없지만
닦토하지마세요 제발!
민감성피부는 그냥 제품설명에 발효나오면
 무조건 다 피해야함
싸이닉 퍼스트트리트먼트에센스
4.쇠비름추출물(마치현)
버지니아풍년화추출물(위치하젤)
칡뿌리추출물
각종 듣보잡 꽃과 나무 성분함유제품
최근 뷰티키워드는 ""천연"",""자연주의"",""마스크트러블진정""인데
천연성분을 너무 강조하다보니
EWG성분상에 각종 꽃과 나무추출물은 
당연히 무조건 그린등급으로 나오고
신생브랜드들이나 제조사들이 소비자들의
지갑을 열기위해 이런 성분들을 개발하고
넣는데 아무래도 아직까지는
연구가 많지않고 민감성이나 자극에 대한
자료도 너무 적음
라벤더오일,장미수,캐모마일,쑥,티트리등은 이미 이름도 친숙하고 연구결과도 많음으로
상대적으로 트러블이 날 확률이 적음
근 몇년간 몇백개의 화장품을 써본 나조차 익숙하지않은건 뭔가 문제가 있다..
 이런 연구덜된 천연성분들로
내 피부에 실험 할순 없기에 
보이면 과감히 사지않기로 했음
내최애 닥터자르트 노랑이 초록이 파랑이 모두사랑했는데 연두가 배신했어...
닥터자르트 컨트롤에이트리트먼트수딩스팟
닥터자르트 컨트롤에이트리트먼트토너
좋은 후기많았는데 그 만큼 안맞는 사람도 많았다
토리든 다이브인저분자히알루론산세럼
너무쎈 꽃향기가 쎄했는데...
마녀공장 퓨어&딥클렌징폼
미끄덩~쇠비름추출물함유
코스알엑스 약산성굿모닝젤클렌저
주인 잘못만나서 트러블로 고생한
내 피부야 미안해
""여러분은 화장품 트러블로 힘들지
않으시길 바라며..."
"여러분 오늘도 코앵주부입니다
오늘은 딘짜쥔짜 추천하고 싶은 
히알루론산 수분앰플! 
토리든 “다이브인 저분자 히알루론산 세럼”
추천드릴려고 합니다 ! 
저는 이미 두통째 사용중! 
이렇게 초크초크하고 
끈적임 없고 뒤끝없는 세럼 처음 써봄 ㅋ
지금! 홈페이지에서 무슨 토리든 Air 
패키지 세일 진행중이예요 
또 회원가입하면 3000원 
카톡 플친하면 3000원 
총 6000원을 적립금으로 받아보실 수 있어요 ! 
개 이 득 
⭐️
그리고 15퍼센트 할인쿠폰도 발급중! 
https://m.torriden.com/
토리든
나를 위한 피부 길잡이, 토리든은 최상의 원료와 최적의 배합을 통해 좋은 제품을 제시합니다.
m.torriden.com
팩이랑 여행키트가 무려 두개나!! 또 선크림도
사은품으로 왔어요!!
하.. 캠핑 다닐 때 , 운동다닐 때 갖고 댕기면 
넘나 편할듯~~~~ 
키트안에는 요렇게 
토너,크림,폼클렌징,앰플,
제가 사실 초민감이라 선크림 잘못써도 
좁쌀이 우두두... 
근데 토리든은 무언가 믿음이 가네욤 ㅋㅋ 
앰플도 잘맞아서 ㅜ
저는 3초 앰플, 그리고 수분크림 ,스킨부스터 
이렇게 3가지 구매했고 나머지는 다 사은품.....
토리든 너무 퍼주는고 아닙니꼬?? ㅋㅋ
아 근데 저도 크림,부스터 샘플로 써보고 
넘 조아서 산거라.. 🥰 
이친구로 스킨케어 바꾼 후 
좁쌀도 많이 케어되고, 마스크땜시 올라온 
트러블도 진정시켜주고.. 조아조하 
그중에서도 내가 반한 요 속보습세럼 앰플 
ㅠㅠ 
저는 끈적이는게 진짜 넘넘 싫고, 
근데 또 가벼운걸 쓰자니 약간 
다 날라가는 느낌..
그래소 돌고돌아 정착해버린 ㅋ
히알루론산이 들어가 있어서 저처럼 
좁쌀 피부 민감성 피부 수부지 피부이신분들에게
딱! 조아요 ㅜㅜ 
용량은 50ml 
30%할인가 가격 15400원 
내 피부 너무 쩍쩍 갈라져.. 급하게 수분좀 채워줘야지... 앰플 뭐쓰지? 뭐 안끈적이는거.. 가벼운데 촉촉한거.. 
찾으시는 분들은 왕.추.천 할게요!
그럼!! 다음엔 더 좋은 리뷰로 만나요! 
#내돈내산 #진짜좋아서 #추천하는앰플 
#토리든 #토리든수분앰플 #속건조세럼 
#속건조앰플 #겨울에쓰기좋은앰플 
#겨울앰플추천 #끈적임없는화장품 
#끈적임없는앰플 #3초세럼 
#토리든다이브인저분자히알루론산세럼
#히알루론산세럼 #히알루론산앰플"
"토리든세럼
토리든 다이브인 저분자 히알루론산 세럼 50ml
1+1 한정 기획세트
안녕하세요 루밍이에요!
제가 써본 제품을 제 공간 통해서 사람들에게 공유하고
추천할 수 있다는 게 얼마나 기분 좋은 일인지!
요즘 따라 더 재미 들여서 제품 리뷰 또 가져와봤어요.
(뷰티 블로거가 꿈은 아닙니다만)
3초 세럼이라고 알려져 있는 토리든 세럼 정확한 제품명은
토리든 다이브인 저분자 히알루론산 세럼이에요
이번에는 제가 정말 잘 쓰고 있는,
무려 제가 세 통째 비운 세럼이에요!
저는 속 건조가 심한 편이고 악건성이어서
기초 케어 제품을 고를 때 우선으로 보는 부분이
첫 번째도 수분이고, 두 번째 세 번째도 수분 보습이에요.
 수분감이 좋은지를 제일로 따지거든요.
이 토리든 세럼은 처음에 올리브영 가서 직원분에게
수분 많은 제품으로 추천해달라 했다가 알게 되었어욬
일단 요리조리 살펴보니깐
수분감 부분에서 유명한 세럼이더라고요
우선 화해 어플 2관왕을 해서 신뢰가 갔어요.
(저는 화해 어플을 맹신하는 사람입니다.)
화장품 살 때마다 화해 어플을 들여다보는데,
저와 같은 피부 타입을 가진 분들의
자세한 제품 리뷰를 모아 볼 수 있어서 신뢰되었어요
그리고 제 피부 고민에 맞춘 케이 제품들을 추천해 줘서 좋아요!
갑분 화해 어플 홍보 (❁´▽`❁)
아무튼 처음 써보고 너무 좋아서 재구매를 하고 있습니다
#화해2관왕 #화해1위 #저분자히알루론산
#속보습세럼 #수부지구원세럼 #쟁여템
수부지랑 쟁여템에서 소름 돋았잖아요ㅋㅋㅋㅋㅋㅋ
제 마음 읽은 줄 알고.o(*·ﾛ·*)o
속보습 만족도 97%래요.
제가 토라든 세럼 재구매한 이유가
속보습이 짱짱하고, 수분을 즉각적으로 공급해 줘서였어요.
이거 말고 다른 유명한 세럼 썼었는데
세수하고 바로 기초를 발랐는데도 속 건조가 심하더라고요
사실, 이렇게까지 제품 성분을 디테일하게 알아보고
구매했었던 것은 아닌데,
(그냥 올리브영 직원분이 골라주셨어요 절 올립니다)
너무 좋아서 알아보니깐, 대단한 세럼이었던거있죠.
토리든 세럼이 인기에 힘입어 1+1 행사 중이길래,
바로 재구매했어요!
또 살 생각이었는데 이거 완전 이득 이득 d=(´▽｀)=b
패키지를 먼저 보자면
내 건조한 피부에 생명력을 불어넣어 주겠다는 듯한
수분 가득한 투명한 하늘색의 맑은 하늘색이에요.
그리고 병은 50ml짜리로, 손에 딱 들어오는 사이즈예요.
한 통에 한 달 넘게 쓰는 것 같아요!
좀 적은 양인것같지만, 저렴하기도 한 편이에요!
스포이드를 세 방울 정도 양 볼, 이마에 떨어뜨려서 
챱챱챱챱 두드려서 흡수시켜줘요.
토리든 세럼은 흐르는 제형이예요.
잠시만.... 이거 완전 뷰티 블로거 재질...
챱챱 두드리니 금방 촉촉해져요!
토리든 세럼의 장점을 몇개 정리하자면 아래와 같아요!
💦저분자 히알루론산 등으로 속보습 효과 뛰어남
💦 보습, 진정 효과로 건조했던 피부가 촉촉해진 느낌
💦 피부에 자극이 없음
💦 각질 정돈,  메이크업이 잘 먹었다
수부지 여러분,
악건성으로 기초탄탄한 제품 찾으시는 분들,
각질로 화장 다 뜨시는 분들,
기초케어 제품 유목민 분들
토리든 세럼 추천드려요! 쟁여템 인정입니다 💙
내돈내산 솔직 리뷰입니다!
루밍 (arm_ing)
ⓒ Copyright - All Rights Reserved"
"안녕하세요~!
미묘한 미묘입니다~!
드디어 ㅋ 미루고 미루던
큰맘 먹고 시작하는 토리든 -
올리브영 단독 기획 세트 ♥
gif를 만들려고 찍어둔 영상이
다~ 날아가서 ㅋ 포스팅하면서
사용 컷을 또 찍어야 하지만 ㅠ
오늘은 꼭 포스팅을 완성하겠어요!!
#3초세럼 #다이브인 #수분세럼
토리든 수분 다이빙 키트 기획세트
세럼 50ml + 크림 20ml+스킨부스터 30ml / 18,000원
#올리브영기획 #토리든다이브인 #내돈내산
올리브영 단독기획 #다이브인 입문템
 속수분 개선 원하는 건성/수부지 찐- 강추
클린뷰티, 히알루론산으로 채운 수분 세럼
- 미묘의 제품 요약 -
Torriden
토리든은 수많은 코스메틱 브랜드들의 
홍수 속에서 밤하늘 길잡이 별처럼 
당신의 여정에 길잡이 별이 되고자 합니다.
* 출처 : 토리든 홈페이지
이미 다이브인 선크림에서
찐~!! 하게 다룬 브랜드죠 ㅋㅋ
하지만, 이 포스팅이 처음이실 분들도
있을 테니, 좀 더 깔끔하게 정리해보는
About, Torriden
* 출처 : 올리브영 홈페이지
 나를 위한 피부 길잡이, 토리든 
WE WILL BE STARS FOR YOUR VOYAGE
토리든은 자연의 원료를 사용하는 것을 원칙으로
최소한의 혼합물을 사용하여 안정적이고 사용감을
개선한 화장품을 추구합니다. 
* 출처 : 토리든 홈페이지
단 한 가지 유해 성분도 타협하지 않는, 클린뷰티
ONLY 올리브영 단독기획
벌써... 한 달도 더 전에 올영세일
그때 클루시브랑 같이 쟁인 제품인데
이제서야 리뷰를 하네요 ㅋㅋㅋ (감격!!)
* 출처 : 토리든 홈페이지
사실, 토리든 다이브인
 저분자 히알루론산 세럼 
위의 정리에서도 볼 수 있듯 ㅋ
넘나 인증받은 대세템이죠~!!
미묘는 쟁여둔 앰플이 하도 많아서..
구매를 계속 미루다가 올여름에서야
만나게 된 제품인데요~!!
세럼은 미묘가 계~~속 사용하고
있는 데일리템이기에 상단이... ㅋ
비어있는 건 생활감입니다 ♥
사진 찍기를 미루고 제품만 쓰는 ㅋ
아직 뷰티 블로거 하기는 멀었어요 : )
무튼, 얼루어 품평단이나
다양한 지표에서 보이는 수치! 바로 
속보습에 대한 개선 내용인데요
* 출처 : 토리든 홈페이지
DIVE-IN
 5D-Hyaluronic Acid 
5가지의 고-중-저분자 히알루론산 배합이 피부층을
3단계로 나누어 내부부터 외부까지 촘촘히 수분 보충
- 고분자 : 피부 겉 수분 보호막 형성
- 중분자 : 피부 수분 보충
- 저분자 : 깊은 피부 수분 보충
* 출처 : 토리든 홈페이지
각 제품마다 서브 성분은
조금씩 다르지만 동일한 
히알루론산 배합 을 중심
* 히알루론산은, 수분보습인자(NMF)로
일반적인 수분 인자의 6,000배, 자기 몸의 1,000배 정도의
수분을 끌어당겨 피부 사이에 수분을 채워주는 강한 보습 성분
그런데 미묘는 ㅋ 궁금했습니다.
제품의 상세페이지에서 언급하는
서브 원료와 사이드 원료들
다이브인 라인 안에서 얼마나 다를까?!
[ 다이브인 세럼 = 히알루론산 + 판테놀 ]
[ 다이브인 스킨부스터 = 히알루론산 + 세라마이드]
[ 다이브인 크림 = 히알루론산 + EGF]
* EGF [epidermal growth factor]
표피증식인자로, 상피세포의 증식을 촉진하는 펩티드
 피부이식, 상처의 회복촉진 등에 사용
* 출처 : 올리브영 홉페이지 + 개인적 표기
수분과 보습의 주축인 
5D 복합히알루론산은 모두 YES!
하지만 저분자 함량에 조금씩 차이!
[ 다이브인 세럼 500ppm ]
feat. 여윽시 세럼이 최고 ㅋ
[ 다이브인 스킨부스터 100ppm ]
[ 다이브인 크림 100ppm ]
또 수분감을 서브하는
글리세린, 알란토인, 트레할로스, 
거기에  세라마이드엔피(보습)도
3가지 제품에 모두 함유되어 있습니다
그리고 의외로 세럼-크림의
동일 성분이 많았는데요,
베타인, 베타-글루칸 [수분]
쇠비름추출물, 마데카소사이드,
마데시카애씨드 [진정]
또,또!! 의외는ㅋ 크림에 많이 쓰이는
판테놀 성분은 크림에만 없었어요
위에 언급되는 성분들 외에도
많은 식물성 성분과 제형을 형성하는
성분들이 있지만 미묘는, 보고 싶은 것만 : )
또, 다이브인 라인의 핵심 ★
 Malachite Extract 
색상을 따로 넣은 게 아닌 원료
'말라카이트 추출물' 순수 색상, BLUE
광석에서 추출한 자연 유래 성분으로,
산화방지제로 쓰이며 미네랄 공급원의 역할 OK
국내에서는 상용화되지 않았지만 이미
외국에서는 활발히 연구되는 성분이라고 합니다!
미묘는 민감지성으로 원래
성분을 많이 보지만, 토리든은 또
성분으로도 확실한 브랜드잖아요?!
그래서 ㅋㅋ 혹시 미묘같은 분이 있을까
딥~★ 하게 파헤쳐 봤어요!!!
근데, 이런 성분의 결과는?!!
4주간 임상시험 결과
다이브인 세럼 = 속보습 114.9% 개선
다이브인 스킨부스터 =속보습 119.9% 개선
다이브인 크림 = 속보습 116.4% 개선
* 출처 : 토리든 홈페이지
의외로 스킨부스터가 가장 강려크 ㅋ
뭐 이건 개인차나 제형 등의 상관관계가
있겠죠~ 확실한 건 ㅋ 모두 속보습 개선 ♥
나를 위한 피부 길잡이, 토리든 
속보습은 편안하게
촉촉함은 오래가게
수분으로 DIVE-IN
우선 메인 제품 다이브인 세럼!!
스포이트는 몰랑몰랑 쉽게
끝까지 차올라서 좋구요!
제형은 바로 흐르는 워터젤
끈적임 없고 수분감이 강해요!
feat. 유분감이 없어 지성이 좋아합니다♥
느껴지시나요... ㅋ
낭낭한 수분감!!! 세럼인데도
금방 건조하게 마르지 않습니다 ★
오히려 3가지 제품 중에
가장 오~~래 촉촉한 느낌이랄까요?!
요건 스킨부스터인데... ㅠ
보이시나요 미묘의 격렬한 손짓...
요 키트의 유일한 단점은 스킨이
막 스무스하게 나오지 않는 점 ㅠ
쪼꼬미라 그런 거겠죠?? 본품은
이렇지 않길 바라봅니다 ㅠ
아마 부스팅 기능으로 나온
스킨을 써보신 분들은 알 텐데ㅋ
이런 거 한 번 쓰면 벗어날 수 없...
겉은 굉장히 산뜻한데 속에서 차오르는,
속부터 채워지는 유수분 밸런스랄까 ♥
그리고 쓰다 보니 미묘 최애★
세럼 미안 ㅋ 크림이 더 좋다 -
너무 가볍지는 않은 수딩 제형!
산뜻한 발림과 속이 차오르는 수분
거기다 미묘는 약간 쿨링감도 느껴요!!
근데 처음 쓸 때 이렇게 돼서
헉- 이거 뭐야!!! 이랬었는데 ㅋ
이게 생각보다 농축된 느낌??
그래서 소량으로도 충분합니다!
저렇게 되면, 아 - 내가 많이 썼네
하시면서 다른 부위에 펴 발라주세요ㅋ
잊지 말자 - 소량 - 찐케어 ♥♥♥
위에 다른 많은 내용들에 밀렸지만
- pH 5.5 약산성
- 피부 저자극 테스트 완료
안전한 성분으로 건성의 속당김을 케어,
민감하고 예민한 지성의 끈적임 없는 케어
WE WILL BE STARS
FOR YOUR VOYAGE
ㅋㅋ 진짜 토리든 리뷰만 쓰면
기가 빨리네요 : ) 사정없이 길어진다..
gif 영상 찍는 것도 날려먹고,
맘에 안 들어 다시 찍고 3번이나.. ㅋ
이게 3일 걸려 쓴 리뷰라니 ㅠㅠㅠ
그래도 약간 ㅋ 보스몹 해치운 느낌?!
저번 선크림 리뷰의 제품컷이 넘나
맘에 안 들어 서러웠는데 ㅠ 그래도
이번 세럼 기획은 소소한 느낌입니다 : )
뭔가, 꾹꾹 담은 내용에 아닌 것 같지만
여러분, 이거 이래 봬도 #내돈내산 리뷰ㅋ
겁나 열정적으로 다이브인 라인을 정벅 ★
미묘는 여기 눕눕 - 재구매 의사    ♥ ♥ ♥ ♥ ♥"
"기초
[리뷰] 기초는 토리든 ♡
달달무슨달내얼굴이달 ・ 2021. 4. 14. 20:46
URL 복사 이웃추가
#내돈내산 #토리든 #수부지 #지성피부 #기초


╠╣ҽ║║օ *｡☆ 안녕하세요? 달🌛이에여 🌸

🌼내돈내산🌼 본인이 사용해본 후 솔직하게 작성하였습니다.



🖍 동물실험도 없는 착한 #토리든 ♡

그거 아세여?
예전 패키징에는No animal testing 이라던지, No animal by-products 의 문구가 써져있었져.
그래서 동물실험을 안하는 기업이라는 것을 알았는데여.
언젠가부터 그 문구가 없어져있더라구여ㅎㅎ
그래서 설마?혹시? 했는데, 문의해보니.
< 대한민국은 법적으로 동물실험테스트를 하지 못하게
되어 있습니다. 당연한 그 부분을 표현하면 식약처 화장품법의 광대광고 부분으로 처벌을 받을 수 있어 삭제하게 되었습니다. >
라고 답변받았어여ㅎㅎ



🖍 피부타입&고민: 제 피부는 15호 #여름쿨라이트톤 이에여.
#티존 #지성 , #유존 #수부지 , #볼예민피부 입니다.
#피부고민 은 #모공 , #블랙헤드 , #피지 , #화이트헤드  순 입니다.



🖍 구매이유: 오랫동안 기초템에 정착하지 못하구 헤매다 드디어 정착할 기초템이 생겼어여!
처음에는 토리든 홈에서 미니사이즈로 접했다가 써보고 넘나 좋아서, 화ㅎ 홈에서 세일 때 큰 사이즈로 질럿어여.
그후에 떨어질 때 즈음, 토리든 공홈이나 화ㅎ 홈에서 세일 때 쟁여두고 있어여 :)



🖍 색&향&제형&촉감:
1. #토리든다이브인저분자히알루론산토너 : 색은 흰색 종이에 대고 비춰보니 아주아주 옅은 바다색이 섞인 맑고 투명한 색이에여.
세럼 3방울에 맑고 투명한 물 97방울 섞인 색?ㅋㅋ
제형은 맑은 물 타입이에여.
촉감도 딱 물! 끈적임없고 가볍고 산뜻해여.
향료는 없지만 가볍게 바닐라향?도 나고 시원한 향?이 나여.

2. #토리든다이브인저분자히알루론산세럼 : 색은 투명하고 맑은 바다바다한 색이에여.
제형은 묽은 물 제형이구, 바른 직후나 바르고 난 후 끈적이거나 미끌거리지 않아여.
토너랑 같은 향이 나는데, 좀 더 강하게 나네여ㅎㅎ

3. #토리든다이브인저분자히알루론산크림 : 불투명한 하얀 크림색에 부드럽게 발리는 크림이에여.
설명에 실리콘 최소화로 펴바를 시 백탁 현상이 있다고 써있었는데, 저는 전혀 없었어여.
발리면서 투명하게 변하고, 유분기나 끈적임없이 흡수되여.
라이트하고 가볍게 흡수되면서 촉촉한 느낌이에여.
뭉치거나 밀리는 것도 없었구여.
크림은 특별한 향은 없는 것 같아여.



🖍 용기: 토너는 패트, 캡 pp 재질, 세럼은 플라스틱, 캡 pp소재에여.
토너, 세럼 겉면 스티커는 벗길 수 있게 되어있어여.(약간 뜯어내는 게 번거롭긴 하지만, 재활용할 수 있는 점은 굳굳)
튜브 제형인 크림은 용기 플라스틱, 캡 pp인데..
플라스틱 용기에 글씨가 새겨져 있어서 재활용이 되는 지? 그게 좀 걱정되긴 했어여.
일단 세럼은 스포이드 형식이라 좋았구여.
크림도 튜브형이라 맘에 들었는데, 토너가 펌프식이 아닌 건 쬐끔 아쉽긴 하더라구여ㅎㅎ
좀 더 큰 용량이 나온다면 꼭 펌프식으로 만들어 주세여♡



🖍 느낌: 전에는 유수분 밸런스가 너무 안맞아서 🐶기름이 🐶좔좔 넘쳐흐르는 산유국피부였어여.
이마, 코, 콧볼을 손으로 쓸기만 해도 막막 오일리하면서 찝찝한 그 느낌.. 먼지 아시져?
그러다가 또 가을, 겨울엔 볼 쪽 피부가 찢어질 것 같이 건조하면서 붉어지기도 했구여.
여름에 모공이 자꾸자꾸 넓어지면서 과도하게 피지가 올라오고 블랙헤드가 막 생기기도 하구..
암튼 총체적 난국인 피부였어여ㅜ

그러다가 요 토리든 제품을 만나게 되었는데,
뭐지? 정말 이 느낌은 뭐지? 하면서 진짜 정말 놀랐어여.
끈적이는 거 1도 못참는데, 끈적이거나 기름지지 않고, 산뜻하게 흡수되는 그 느낌에 완전 반해버렸어여ㅠㅠ♡



🖍 장점: 끈적이거나 오일리하지 않아 극지성, 지성인 피부에 츠암 찰떡이다.
향료는 없지만 향이 불호없을 시원한 향이 난다.
유수분밸런스를 잘 잡아준다.
이 제품쓰면서 모공도 줄었고, 피지 분비도 적어졌다.
화이트닝 성분이 없지만, 쓰고 나서 톤 업 되었다.



🖍 단점: 세럼이나 크림을 과하게 쓰면 오일리해 질 수 있다.
또 과하게 쓰면 흡수가 더디다.(지성 제 피부 기준)
건성이신 분들은 이 제품으로는 속수분 잡기엔 많이 라이트할 듯 하다.
지성인 제가 쓸 때도 수분이 모자라는 듯한 얼굴 땡기는 느낌이 있을 때가 있어여.
세럼이 많이 묽은 편이라 아차하면 줄줄 흐른다ㅎㅎ



🖍 사용후기: 기초 루틴!
맨처음은 손! 손을 아주아주 깨끗하게 씻어줍니다. ㅎㅎ

그 후 피부를 따뜻하게 열어준 후 롤링 마사지해서, 피부 노폐물을 한번 쓸어내려 줍니다.

예민한 볼, 눈가, 입가는 가볍게 하거나 컨디션에 따라 빼고 마사지합니다.

약산성 세안제를 사용, 거품망을 이용해서 가볍게 세안해줍니다.
꼭 이마 끝부터 가슴 윗 부분까지 림프절을 따라, 모두 마사지->세안을 해줍니다.
세안의 마무리는 찬 물X 시원한 물O로 모공을 닫는 느낌으로 마무리해여.

그 후 물을 닦아내지 않고 그대로 닦토나 7스킨을 해줍니다.
피부가 예민한 날이거나 터치가 많았던 날엔 닦토보단 7스킨을 가볍게 해주고 있어여.
저는 더모테라피 토너로 닦토, 7스킨을 해주고 있어여.

그다음 토리든 다이브인 토너를 2~3회 아주아주 가벼운 터치로 쓸어내듯 발라내리며 흡수시켜 주고 있어여.

그 다음 세럼을 발라주는 데 저는 1회 새끼손톱만큼씩 덜어 롤링하여 흡수시켜 줘여.
흡수를 다 시키고도 수분이 부족한 느낌이 나면, 같은 새끼손톱만큼의 양으로 2차 흡수시켜 줍니다.

보통 오전에는 세럼까지만 바를 때도 있어여.
크림을 바른 다면 새끼손톱 반절 용량만 바르거나여.
하지만, 저녁에 완전 워시오프 했거나 피부정리정돈(일주일에 2~3회 각질제거, 팩 등등을 꼭꼭 해줍니다.)을 한 날에는 세럼도 듬뿍, 크림도 듬뿍 발라(흡수가 될 만큼만)주고 있답니다.

저는 기초 제품들을 꼭꼭 피부에서 소화되는 느낌으로 흡수하는 걸 중요하게 생각하는 편이에여.
겉돌아서 흡수가 안되면 좁쌀이나 트러블이 올라와서여.
최대한 덜 자극적으로 가볍게 터치, 롤링하려구 합니다.

요렇게 늦게나마 관리를 시작하다보니 느낀게, 피부도 정말 시간과 투자가 필요하구나, 부지런하지 않으면 안되는구나 싶더라구여ㅠㅠ
색조하고 피곤하다는 핑계로 클렌징에 소홀하고 관리에 무뎠던 지난 날을 정말 반성합니다ㅜ

내가 신경쓰지도 관리하지도 않고 모공이 넓어졌다고, 피부톤이 어두워졌다고 좌절하기만 했었거든여.

아직 갈길이 멀긴 하지만, 열심히 관리하는 만큼 피부가 답해주는 느낌이라서 요즘 넘나 좋아여..♡

토너, 세럼, 크림 저한테는 안좋은 게 없었네여ㅜ
좋은 제품 만나게 해 준 토리든 넘나 감사해요!ㅎㅎ



✔피부고민: 진정/보습
✔제품 주요 사양: 모든 피부용
✔ 용량(중량): 100ml
✔ 제조국:대한민국
✔화장품제조업자 및 화장품책임판매업자: 
(주)세레코 / (주)토리든
✔사용방법: 본 제품의 적당량을 덜어 피부에 골고루 펴 바른 후 톡톡 두들겨 흡수시켜 줍니다.
✔사용할 때 주의사항
1. 화장품 사용 시 또는 사용 후 직사광선에 의하여 사용부위가 붉은 반점,부어오름 또는 가려움증 등의 이상 증상이나 부작용 이 있는 경우 전문의 등과 상담할 것 
2. 상처가 있는 부위 등에는 사용을 자제할 것
3. 보관 및 취급시의 주의사항 
가) 어린이의 손이 닿지 않는 곳에 보관할 것 
나) 직사광선을 피해서 보관할 것



🧡 긴 글 읽어주셔서 감사합니다~
주관적인 글이라 늘 조심스럽지만, 솔직하게 작성하고 있습니다 :)
항상 건강하시고 늘 행복하세요🙏

*･゜ﾟ･*:.｡..｡.:*･'(*^ ▽^*)'･*:.｡. .｡.:*･゜ﾟ･*



🤏 아쉬운점: 정말정말 없어여.



🍯 꿀팁: 화장품을 어느정도 차가운 컨디션으로 사용하는 중이에여.
냉장고에 두고 쓰고 있어여 :)
모공이 좀더 타이트해지는 느낌이 들어서 좋아여^^"
"올리브영 추천템 토리든 세럼을 들고 온 롬쓰에요 :)
제품력이 좋아서 써보자 마자 반했는데
올리브영 세일 때 기획세트로 1+1을 하는거 있죠!
아직 한 세트 비우기 전이지만 바로 달려가서 하나 더 구매를 해 온 제품입니다
오늘 온라인몰을 확인해보니 아직도 1+1 기획세트를 판매하고 있더라고요
기획세트는 올리브영에서만 판매를 하는 것 같아서 다 소진되기 전에 잇님들한테 알려드리려고 들고왔어요!
지난 주에 들고오려 했는데 
일이 많아서 이제야 들고 온
올리브영 추천템 세럼 리뷰지만 아직 행사가 끝나지 않았으니 잘 봐주세요 ㅎㅎ
토리든(Torriden) 다이브인 저분자 히알루론산 세럼
용량 50ml
정가 18,000원
저는 처음에 이 제품이 뷰티앱 1위 제품이라서 우연히 알게 되었는데요,
오랜만에 동생 방에 들어가서 뭐 써볼거 없나~ 염탐하던 중
토리든세럼이 있길래 바로 사용 해 봤어요
두 개가 있길래 하나 슬쩍 하려다 딱 걸려버리고.....;
그냥 한 번만 써볼게!! 하면서 사용했는데
피부에 부담도 없고 순하고 너무 좋은거에요~
그래서 어디서 샀냐고 물었더니 올리브영 세일 때
두개 세트로 사서 엄청 싸게 샀다더라고요
그 길로 저도 바로 지난 주 주말에 2세트 겟!
용량 대비 1병 당 정가도 가성비가 좋은 편인데
1+1이라니!
안 쟁여둘 이유가 없었답니다 ㅎㅎ
한 병 9,000원으로 피부결이 좋아진다면 투자를 안할 이유가 없죠 
저와 자주 소통하시는 잇님들은 제가 히알루론산 같은 보습제에 집착한다는 걸 잘 아실거에요 :D
히알루론산이 들은 제품들은 대부분 자극이 적어서 피부가 뒤집어질 확률이 낮고
여러겹 팍팍 발라주기에도 부담이 없는 성분이잖아요
저는 잘 맞는 제품들은 정말 아낌없이 써주고 있는데요, 이건 가격도 저렴해서
팍팍써도 부담없이 없더라고요
앞에서도 말씀드렸지만 토리든 다이브인 속보습 3초세럼 1+1 한정기획세트는
올리브영에서만 판매중인 제품인 것 같아요
저분자 히알루론산과 5D-복합 히알루론산, 거기에 D-판테놀이 상호작용해서
강력하게 속건조를 잡아주고 피부를 진정시켜준다고 합니다
작은 분자의 히알루론산 세럼이라서 
흡수가 엄청나게 빨라요
또 저분자 히알루론산이 메인이긴 하지만 중분자 고분자의 히알론 성분도 다 들어있어서
가볍지만 잘 차오르는 수분감을 느낄 수 있더라고요
다 흡수되고 나면 속은 수분이 시원하게 찬 느낌인데 겉은 끈적거리거나 남는것이 없이 싹~스며든답니다
사용감은 아래에서 더 자세히 보여드릴게요!
올리브영 추천템 토리든 3초세럼은 유해성분이 없는 착한 성분들로만 이루어져 있어요
전성분만 딱 봐도 판테놀과 히알루론산이 주요 성분이라는 걸 알 수 있을 정도로 듬뿍 들어가 있답니다
PH5.5의 약산성 세럼이고, 오일성분과 같은 유분감 있는 보습성분이 많이 들어있지 않아서 지성 혹은 수부지분들께 강추하고 싶은 제품이에요
복합성, 건성 피부를 가진 분들은 많이 가볍다고 느껴질 수 있을 것 같아요
저는 이 세럼을 두겹정도 바른 이후 크림까지 바르면 딱 좋더라고요
요즘 날이 하도 건조해서 한 겹만 바르면 수부지인 저도 가볍다는 느낌이 들긴 들어요
하지만 추가로 사용하는 기능성 세럼들이 있을때는 1번만 발라도 충분하고요,
앞으로 여름이 오면 더할나위 없이 좋은 사용감인 것 같아요
끈적임 없이 쫘악 흡수되니까요
기획세트로 든든하게 쟁인 토리든 세럼 두 병
안 그래도 쓰던 히알루론산 세럼이 다 떨어져가서 이제 뭘 쓰나 했는데
동생 덕에 좋은 제품을 만나서 기분이 좋네요 ㅎㅎㅎ
자매라서 옷이나 화장품으로 정말 많이 싸우지만
가끔은 저의 뷰티로그의 아이템을 많이 제공해 주기도 해서
아주 가~끔 동생에게 고마워요 ㅋㅋㅋ
살짝 푸른빛을 띄는, 사진빨 잘받는 속보습세럼
이 세럼의 파스텔블루 색상은 인공색소를 첨가한 것이 아닌,
'말라카이트'라는 성분의 순수 색상이라고 해요
인공색소, 인공향료 모두 무첨가한 제품이라서
향이나 색상에 민감하신 분들도 걱정없이 사용하실 수 있을 것 같아요
이제 본격적으로 사용감을 보여드릴게요
너무 꾸덕하지 않은, 적당히 흐르는 제형의 토리든세럼 
앰플처럼 스포이드로 세럼을 짜서 사용하는 방식이고요,
간혹, 흡착이 잘 안 되는 스포이드들이 있는데 이 제품의 스포이드는 짱짱하니 괜찮아요
얼굴에 앰플을 눌러서 얹으면 바로 주륵 흘러내리는  가벼운 제형!
싹 펴바르면 흡수가 정말 바로 됩니다
피부속까지 수분이 막 들어온다는 게 느껴져요
정말 사용감이 순해서 다른 기능성 성분이 들어간 제품(앰플, 크림 류)들과
충돌하지도 않아서 아주 부담없이 사용할 수 있는 제품이에요
저는 피부 상태나 고민에 따라 그날, 그날 스킨케어 조합을 다르게 해 주는데
요즘 다른 건 다 다르게 발라도 토리든세럼이랑 아이소이잡티세럼 두 가지는
순하고 효과가 좋아서 꼭 아침저녁으로 발라주고 있어요
LED 조명 아래서도 찍어본 앰플 사용 전/후
정말 가벼운데 수분감있게 발리는 세럼이라는 게 느껴지시나요?
진짜 너무 좋아서 이건 지성, 수부지 분들이라면
올리브영 세일 때 사셔서 꼭꼭 사용해보셨음 좋겠어요 
올리브영 세일 추천템 토리든세럼
재생 수
0
0
00:00 | 00:32
화질 선택 옵션
자동

접기/펴기
올리브영 세일 추천템 토리든세럼
감동의 사용감을 조금이라도 현실감있게 보여드리기 위해 영상을 만들어봤으니
올리브영 세일 때 뭐살까 고민 하시는 분들은 참고해주세요~ :D
팍팍 쓰다보니 벌써 1/3이 줄어서 기획세트 하나 더 쟁여야 되겠다는 생각이 들 정도로 좋은 제품이라
올리브영 추천템으로 완전 강력 추천!
4월 세일기간에 계속 행사를 하는 것 같으니
(만약 아니라면 댓글로 알려주세요 ㅎㅎ)
여러분도 필요하시면 기번 기회에 사용해 보세요 :)
제 후기가 도움이 되었다면 공감/댓글/인플루언서홈 팬하기 를 눌러주시면 감사하겠습니다❤
[네이버 인플루언서 검색] 롬쓰
달달한 디저트를 좋아하는 20대 뷰티, 제품 리뷰어 롬쓰 입니다 :) 맞팬으로 소통해요💕 블로그 서이추, 인스타 맞팔도 환영합니당🤗
in.naver.com
내돈내산 리뷰"
"최근의 내돈내산 ! 여름 쿨톤 색조와 건성 기초들
오늘은 진짜 사진당 두세줄만,,,아니,,대여섯줄만,,,,간단하게 적어내려가려고 다짐하며 시작하는,
간단하게 !! 정리해보는 최근의 내돈내산 제품들 :)
귀찮아서 + 마스크 쓰니까 화장도 거의 안하지만
 여름 쿨톤 색조들이 요즘  빰빰 뿜뿜 쏟아져나와서,,,^^;;
기회를 놓치지 않기 위함이라는 핑계를 대며 구매한 색조들!
그리고 환절기마다 자기pr이 마이너스 방향으로 심한^^;;;;
민감성 + 건성피부를 위해 요리조리 구매해본 기초들이
포스팅 대상 되시겠다~~
페리페라 잉크브이 쉐딩이 !!!! 쿨톤을 위한 쿨톤용 3호 헤이즐 그레이가 출시되었다고 해서 사야지 사야지 기억하고 있었는데
무려 ㅋㅋㅋ ㅋㅋㅋㅋ 망구랑 술먹고 집에 돌아오는 길에 (둘이 곱창  + 술 9만원어치 먹음;;;) 왓슨스 달려가서 사옴;;;
함정은 요즘음 쉐딩은 개뿔; 파데조차 일주일에 한두번 바를까 말까라 ㅋㅋㅋㅋㅋ발색만 해보고 얼굴에는 안써봤다 ㅎㅎㅎㅎ
옆에 있는 네이밍 블러셔는
요즘 쏟아져 나오는 여름 쿨톤용 블러셔들 중 하나,,,
제가 아무튼 #무민핑크 를 못품었던 한이 있다~ 이말입니다 !!!!!!
여름쿨톤의 인생의 동반자이자 비운의 단종템 그 무민핑크요,,,
게다가 뽀얀 핑크맛집 더페이스샵의 플럼쿠션 핑크쿠션 단종 소식에 안타까워하던 도중,,,
#롬앤 #오디밀크 #스트로베리밀크 출시되었다길래 냉큼 ! 2개를 퇴근길에 올리브영에 뛰어가서 질렀고
이로부터 며칠 뒤 #네이밍 #플러피파우더블러셔 를 ㅅㅂ비용으로 2개를 주문했다
이렇게 좋은 봄날에 여기저기 돌아다녀야 하는데 그러질 못하니, 어느쪽으로든 이 욕구를 해소해야하는데!!!!
역시 소비는 가장 빠른 스트레스 해소 비법 ★
주말에 택배 받아보고 신난 마음으로 헐레벌떡 찍은
롬앤 오디밀크 스트로베리밀크와 네이밍 야미, 배쉬풀 발색 !
배쉬풀은 웜톤색 아니냐??? 띠용?? 할 수도 있지만 이건 뽀오~~얀! 아주 명도높은 흰 코랄이라!!
내가 원하던 살구살구한 볼이 된다 ㅠㅠㅠㅠㅠ 그토록 찾아헤맨 붉붉 홍당무 코랄 안되는,,, 맑고 깨끗한 그런 뽀얀 코랄,,,
근데 셀레나 언니는 그냥 핑크라고 했음,,, 톤의 신비함 *,*
롬앤은 제형이 팍팍 쌓아올릴수록 확 ! 파우더리해지는 제형이라 뽀용뽀용한 느낌이 확실히 강하다
제형 덕에 모공도 메워주는 효과가 있어서 요즘 강제 파데프리 하는 와중에 애용중 ㅋㅋㅋㅋㅋ
네이밍 플러피파우더블러셔는 생각보다 얕게 쌓아져서, 롬앤보다 뽀용!!!하는 감은 없지만 피부결이 비치는듯 자연스럽게 발색된다
아,,, 올영에서  롬앤 살 때 무민핑크가 리뉴얼되어 나온 코드 #발레리나핑크 도 같이 사왔는데 사진에는 없네,,,^^
왜냐면 그닥 감흥이 없었기 떄문이죠,,
기존 레전드 무민핑크와 다르니까 ...☆
말 조금만 쓴다고 해놓고 또 이렇게나 많이 써버렸다
암튼,,, 반투명 정리함을 사서 자주 쓰는 뽀얀 블러셔들과 퍼프들을 담아놨다
한결 화장대가 깔끔해진 기분
안깔끔해보인다면 그건 기분탓 이고요,,,
최근에 마스크때문에 글로시 촉촉 탱글립을 잘 못발랐던 탓인지
갑자기 플럼핑 글로스에 대한 열정이 불타올라서 3개나 구입 !
왼쪽부터 #에뛰드 #탱글딸기시럽 과  #앵두알촉촉립글로우
그리고 인스타에서 영업당해서 뜬금없이 올영으로 주문했던 #투페이스트 #립인젝션익스트림 (이것도 ㅅㅂ비용으로 추정)
위에서 말한대로 마스크때문에 밖에 바르고 나간 적은 없고
그냥 집에서 발라보고 움~촉촉 탱글쓰 ~ ^___^* 하면서 거울보고 자기만족하는 용도로 잘 쓰고(??) 있다 
이맘때 쯤 뱅크샐러드가 뜬금없이 날려버린 주먹
팩트로 이렇게 쎄게 때리시면,,,,아픕니다
뱅샐 정리를 이래서 하기 싫어 !!!!!!
하지만 요즘 정신차리고 소비습관을 재정비 중이다
한번 커진 손,,, 흥청망청 소비습관은 역시나 다시 줄이기 어렵다
마치 내 늘어난 위처럼,,,*^^*
사기 전에 한번 더 생각했나요??!
이건 최근에 구매한 여름쿨톤 색조 제품은 아니지만 일단 내돈내산이기는 한 제품,,
인생템 섀도우로 여러번 언급한 로라 구아바가 인생최대 힛팬을 냈다 ㅋㅋㅋㅋㅋㅋㅋㅋㅋ
인스타에도 올려봐야지
#로라메르시에 #구아바 저렴이 추천받습니다,,,☆
나름 최근에 있었던 모임에서 (2월 이야기 ㅎ)
강!력!추!천! 받아서 구매한 스페샬 기초
#아비브 크림 코팅 마스크
뭐 아비브가 워낙 기초는 잘만들어서 이번 팩도 수분을 때려박는듯하다는 간증에 홀린듯 10장 구매했습니다
솔직히 마스크팩이 장당 7천원은 넘 에바 아닌지요?
하지만 딱 이 팩 이야기를 하던 도중 올리브영에서 크림코팅마스크를 반값 행사 때리고있어서 구매할 수 밖에 없었다 ^^...☆
10장에 3만5천원! 하지만 올리브영은 오늘드림으로 사지 않으면 배송이 너무 느리다 
쿠팡이나 기타 다른 몰들의 총알배송에 익숙해져버린 나..
뒤는 애착 양말(??)
아무튼 이 아비브 크림코팅 마스크를 지금도 하고 있다
월요일을 앞두고 수분감이 필요하거든요,,,,
 일단 한쪽 면에 아무것도 묻어있지 않아서 붙여놓고 다른 일 해도 머리카락이 얼굴에 달라붙지 않는다는 점이 최대 장점이고
붙여놓고 오래 있어도 팩이 잘 마르지 않고 수분감이 오래 유지된다 !
근데 한쪽면이 코팅되어있는지라 얼굴에서 뿜어져나오는 열감이 분출되지 않게 막아버리는듯한 기분이 든다
저번에 붙여놓고 설거지도 하고 이것저것 하다가 권장시간을 훅 넘겨버렸는데, 그 땐 오히려 얼굴에 홍조가 더 올라왔다
나는야 홍조인...^^ 마스크팩 권장시간을 잘 지킵시다
아비브 크림코팅마스크 사기 전에는
공구타서 구매한 #담배팩
#아임쏘리포마이스킨 앰플 사면서 세트구성으로 같이 온건데,
젤리마스크라는 이름대로 안에 젤리형태의 에센스가 왕창 많이 들어있다
진짜 몸에 다 바르고도 남을 정도라, 팩을 얼굴에 붙이기 전에
에센스를 얼굴에 왕창 올려놓고, 그 위에 시트를 올려준다
그러면 수분감이 2배 쏙쏙 잘 먹는 기분 *,*
생각해보니 몇년 전에 훙듀가 강추한다고 해서 그때도 내돈내산으로 몇장 구매해서 썼던 기억이 있다
  최근 내돈내산으로 구매해서 잘 쓰는 건성이 쓰기 좋은 앰플, 에센스들
왼쪽부터 아임쏘리포마이스킨 릴렉싱앰플
#토리든 #다이브인세럼 
#아이소이 잡티세럼 !!!
릴렉싱앰플은 공구 세트로 구매해서 하나는 남자친구 줬는데,
요즘 뾰루지가 덜 난다고 엄청 열심히 바르더니 벌써 거의 다 썼다고한다
원래 귀찮아서 스킨로션도 잘 안챙겨바르는데, 이거 바르고 피부가 진정되는걸 눈으로 보더니 거의 군대에 있을 때 만큼 피부관리 열심히 하는 듯,,
이거 다 써간다고 할 때 쯤 된다님이 추천하신 토리든 다이브인 저분자 히알루론산 세럼을 구매해서 이것도 하나 줬다
실수로 단품 하나랑 1+1세트 하나, 총 세럼 3병을 구매해버려서 ㅋㅋㅋㅋ 남는 하나를 준거지만,,
히알루론산 세럼이라 건성피부가 수분감 촉촉하게 채우기 딱 좋은 제품이라길래 
믿쓰 된다템,,,,함 구매해 봤다
사실 몇번 사용안해봐서 잘 모르겠다 이건
아이소이 잡티세럼은 뭐 워낙 예전부터 생각날 때 마다 하나씩 사서 쓰는 템이라 ㅋㅋㅋㅋ
이건 무려 작년에 ㅋㅋㅋㅋ 올리브영 연말세일에 3개 구성으로 구매했다
코덕인생 살면서 목격한 최저가라서 안살 수 없었고 ㅋㅋㅋㅋ 역시나 다들 핫딜이라 생각했는지 올리브영 몰에서 금방 품절되어서 무려 수원에서;; 구매
1월에는 꼬달리 화이트닝 세럼 쓰고있어서 한 2월쯤 첫 개봉,, 현재 1.8통째 쓰는 중
피부가 드라마틱하게 잡티가 다 사라지고 톤 자체가 뽀얗게 된다 ~~~! 이런 기능은 없고 , 안색이 맑아지는 느낌이다ㅎ,ㅎ
요즘은 맑은 안색이 인상에 있어서 참 중요한 것 같아서, 꾸준히 잘 쓰는 중 !
이것도 된다님 #식염수팩 영상 보고 구매한 식염수 !
식염수 크림팩 하려고 개별포장된 식염수와 #필리밀리 1/2 화장솜을 구매했다
사실 약사 붕수말로는 이런 개별포장된 식염수는 넘나넘나 가격차이가 심하니까 그냥 큰 통으로 된걸 사라는데
난 렌즈도 끼지 않기 때문에 식염수를 쓸 곳이 팩 말고는 전혀 없단 말이다 ^_T
이럴 땐 룸메나 자매가 있으면 좋겠다는 생각이 든다 ㅋㅋㅋㅋㅋㅋㅋㅋㅋ
고작 식염수 때문에,,, ☆
아! 그리고 저 솜도 참 좋다
필리밀리가 툴을 참 가성비있게 잘 만들어,,,☆
한국 로드샵 제품들도 너나할것 없이 품질이 정말 정말 좋아져서
내 기준 이제 진짜 굳이 외국 솜이나 브러쉬 살 필요가 없다 ㅋㅋㅋㅋ
내가 몇 년 전 면접에서 케이뷰티 어쩌고저쩌고 했던 답변이 부끄럽지가 않다니깐 ㅎ.ㅎ
이제 드디어 내돈내산 화장품 기록 마지막 !!!
마스크 쓸 때 파데 묻어나오고 화장 지워지는게 너무 싫어서
예전부터 생각만 하고 있던 #파데프리 를 실천하고 있는데 ㅋㅋㅋㅋ
그 주역인 제품들이다
파데 대신 톤업선크림을 바르면 되겠다 !! 싶어서 대상을 물색하던 중
나의 레이더에 들어온 홀리카홀리카와 에뛰드 선크림
원래는 매트하고 피부보정효과가 확실해서 파데프리용으로 쓰기 좋다는 홀리카에 귀가 팔랑팔랑 거렸는데,
내가 다니는 집-회사-집-회사 동선에는 홀리카가 없을 뿐더러
피부에 에뛰드 선크림 제품들이 참 잘맞아서, 결국 에뛰드 유브이 더블컷 촉촉 톤업 선 플루이드를 구매했다
결론을 말하자면 만족 !! 톤업이 너무 과하지 않게 되어서 데일리로 바르기 딱 좋고,
너무 기름지지도 너무 건조하지도 않아서 건성피부에게 추천한다
다만 다크서클이나 모공 커버까지는 되지 않아서,
얼마전에 리뷰했던 메이블린 쿠션봉컨실러로 다크서클만 좀 가려주고
 가끔 코에만 모공프라이머를 발라주면 완벽하다
요즘 사용하는 프라이머는 롬앤 블러셔 살 때 같이 구매한 코드 모공프라이머
원래 갖고 있던 어딕션 제품은 꾸덕꾸덕한 밤타입이라 데일리로 사용하기 좀 귀찮다,,,ㅎ
디올 립글로우는 내돈내산은 아니지만 
여름 쿨톤인 나를 위해 셀레나 언니가 생일선물로 줘서 !!! 같이 소개 !!!
 화장에서 미니멀리즘을 실천하고 있는 요즘, 정말 애용하고 있는 제품이다
나의 취향과 감성을 잘 아는 사람에게 받는 선물은 이렇게나 유용하고 기분 좋다니까 ! 
고마움의 표시로 인스타그램에 올리려고 사진은 다 찍어뒀는데 나의 게으름이 업로드를 언제까지 미룰지는 정말 알 수가 없다,,,☆
뭐 별거 썼다고 30분동안이나 키보드들 두들겨댔네
역시 타닥타닥하는 키보드 소리와 잊을만하면 들리는 마우스 딸깍거리는 소리는 내 마음을 편안하게 해준다
이게 일이 아닐 때만 !
머리속에 떠오르는 아이디어와 하고 싶은 일들은 (예를들면 오늘 올린 여름쿨톤이자 건성피부의 내돈내산템 글같은)
예전보다 지금 더 더 넘쳐나고 날이갈수록 확장되는데, 가용시간은 절박하리만큼 줄어들고있다
내 아이디어 노트 속 수많은 문장들을  언제 다 현실로 불러올 수 있을지,,,^0^,,,,,"
"순서대로
미장센 퍼펙트 노워시 트리트먼트 크림팩
리얼베리어 익스트림 크림
다이브인 저분자 히알루론산 세럼
오늘 추천템입니다..!
극건성 김미연인 나! 유튜브랑 이것저것
검색후에 드디어 정착😂
😬광고가 아니기에 대충쓰는점 이해바랍니다..!
우선 스킨은 기존에 쓰던거 쓰고 세럼이랑 크림을 한번에 바꿈..!
한달 가까이 써가는데 피부 개촉촉
물론 모공은 돌이킬수없으니 그냥 다음생에 관리하는걸로
머리말리다 툭 찍었는데 피부짱좋아짐
볼에 머리카락 붙은건 보여도 트러블은 안보임
피부 예민한 사람에게 추천합니다..
둘다 그냥 네이버 아무데서나 구매해서..
검색해보고 저가로 사는것도 괜찮을듭
저는 다써가서 두번째로사는건 올영에서 샀어요
다써감..ㅎ
전에 바이오더마 시카 보라색 그거 유명하대서 바르자마자 얼굴 뒤집어져서 바로 피부과 간 이후로
괜히 모험 안하고 그냥 저거만 쓰기로 했습니다..ㅋ
😡🤬😡🤬
근데 끈적한거 싫어하시는분은 크림 비추
저는 원래 극건성에 조금만 추워도 얼굴이 터서
저한테는 잘맞았어요!
물론 남동생도 잘맞아서 하나사주고
친한언니한테 추천했더니 극찬
그리고 헤어세럼 팩?추천
올영갔는데 직원분이 추천해주길래 썼는데
향도 좋고 얼굴에 달라붙는 느낌도 없어서 좋아요
오일 그 얼굴에 닿는 느낌이 싫어서 크림형으로
추천해달랬는데 확실히 머릿결 부드러워지고
잘빗깁니다.. !
머리말리기전 촉촉할때 머리에 발라주고
다말리고 머리끝쪽만 더발라줬어욥
다써가는거 인증
저는 귀찮아서 스페츌러에 옮겨 쓰지않아요
손으로 그냥 슥슥 바릅니다^-^..
그리고 또 구매한 흔적..
새것과..헌것의 극명한 차이,.
혹시 이것들도 안맞는 사람 있을수도있지만
당장의 저와 제남동생 제친한언니는 너무 잘쓰고있다고
좋아하길래 보증된 느낌이라 화장품 추천글 씁니다..ㅎ
누가봐도 광고X 그러기엔 넘 대충썼네요..ㅎ
쟤네가 나한테 주는거 아무것도 없음ㅠ
투데이 100따리한테 누가 협찬해줘요 떼잉
갤럭시 기본카메라 뷰티캠 빼고
그냥 찍은 사진입니다
나 수염있네ㅎ
건성이신 분들에게 순한수분크림 추천할게요🙂
지성은 기름질수도..!
화장품 유목민들에게 도움이됐으면하며..
그럼 20000"
"안녕하세요 잇님들 !
오늘은 요즘 제가 너무 피부가 예민해져서
스킨케어를 다시 시작하려고 올리브영 털어와서
제 최애 템들과 새로 구입해온 제품 리뷰를
해보려고 들고왔어요 ! 
제일 먼저 
#닥터지레드블레미쉬클리어크림
제가 정말 정말 잘 사용해서
3통은 넘게 사용한 제품이라
꼭 소개시켜드리고 싶었오요 !
가격 : 13,980 (인터넷 가)
용량 : 70ml
성분 ✨
-마데카소사이드,병풀추출물 등등 5가지 시카 성분 
➡️ 진정,자극완화에 도움
-피부 보호 성분인 베타글루칸과 카테킨 등이 함유
➡️ 피붓결 개선
#라운드랩독도토너
요 제품도 계속 몇통 사용했던 거라
진짜 말해뭐해 입니다 ..!
가격 : 8,280 (인터넷 가) 
용량 : 200ml (500ml 선택가능)
성분✨
- 미네랄이 풍부한 울릉도 해양 심층수 
+ 
판테놀, 알란토인, 베타인 성분
➡️촉촉하게 수분을 채우고 진정시켜주고 , 묵은 각질을 다독여 매끄럽고 편안한 피부
완전한 워터타입으로 화장솜에 적셔 #스킨팩 으로도 
좋아요 ! 
#라운드랩자작나무수분크림
이건 이번에 구매하려고 했던 제품이 없어서
고민하다가 구매했어요 ! 
가격 : 25,200 (올리브영)
용량 : 80ml
성분✨
- 자작나무 수액
➡️피붓속의 밸런스를 맞춰주는 역할
- 비타히알루론산 알갱이
➡️바르면 바를수록 촉촉하게 보습감 , 건조함 개선
묵직하지 않고 영양감이 있는 제형으로
촉감에 워터리함이 잘 느껴지고, 약간 쿨림감도 있어서 속건조에도 좋은 것 같아요 ! 
#토리든다이브인저분자히알루론산세럼
#3초세럼 으로도 유명한 이 제품은 한번 사용하고
 나서 너무 만족스러워서 재구매한 제품인데요 ! 
가격 : 18,000 (올리브영)
용량 : 50ml
성분 ✨
- 5가지 고,중,저분자 히알루론산 함유
➡️속피부 부터 겉피부까지 빠르게 수분
- 말라카이트 추출물, D-판테놀, 마데카소사이드 성분
➡️피부 진정에 도움
앰플
재생 수
0
0
00:00 | 00:15
화질 선택 옵션
자동

앰플
무향에 스포이드가 양을 잘 빨아들여 세럼을 
시원하게 덜어낼 수 있는 부분도 너무 마음에 들어
영상으로 데려왔어요 !
#기초화장품 #피부진정 제품을 고민 중이신 분들에게 도움이 되고자 열심히 적어보았어요 !
오늘도 꿀잠주무시고 꿀피부 얻으세요 🤍
#올리브영세일템 #토리든 #다이브인저분자히알루론산세럼 #내돈내산 #히알루론산세럼 #속보습수분세럼 #이웃환영 #서이추환영 #라운드랩 #독도토너 #라운드랩독도토너 #토너추천 #스킨추천 #저자극토너 #국민토너 #올리브영토너추천 #올리브영추천 #화해어플
#라운드랩자작나무수분크림 #자작나무수분크림 #라운드랩수분크림#수분크림 #수분크림추천 #닥터지 #민감성피부 #수부지 "
"안녕하세요.
이번엔 제가 열심히 쓰고 있는 화장품 2가지를 소개해드리려고 해요!
제가 원래는 극심한 수부지거든요 ㅠㅠ
가을, 겨울철 되면 장난 아니었어요....
파운데이션 바르면 얼굴 껍데기 벗겨지고 다 떠서 진짜 꼴 보기 싫을 정도.
웃으면 피부가 건조해서 주름이 자글자글
고보습 제품도 써봤는데 화장은 녹고, 속건성은 채워지지 않았어요.
그런 제가 수부지를 채워주는 꿀템을 발견했습니다!!!!!!
1. 블랑두부 오아시스 패드(1년 3개월 사용)
2. 토리든 다이브인 저분자 히알루론산 세럼(2달 사용)
이 두 개 정말 강추입니다.
쫀쫀한 피부를 위한 꿀조합이에요!!
블랑두부 오아시스패드(1년 3개월/8통 사용)
블랑두부님 인스타 보고 첫 구매했던 닥토에요!
그때는 '선인장 패드'로 공구를 하셨는데, 중간에 '블랑두부 오아시스 패드'가 탄생하면서 저도 자연스럽게 갈아탔어요.
둘이 비슷하긴 한데 오아시스 패드가 조금 더 보습력이 좋긴 했어요! 
냄새는 별로지만... 피부는 더 쫀쫀해졌어요.
그래서 꾸준히 사용 중이랍니다.
한통 다 쓰고 새로 텄어요~
집게가 내장돼있습니다.
슬픈 건 이번에 공구 놓침 ㅠㅠ
마지막 한 통마저 다 써서 구매했어야 했는데 공구 열리지 2시간도 안 돼서 품절돼버려서 못 샀어요 망할 ㅠㅠㅠ
(왼) 엠보 패드 / (오) 순면 패드
엠보 패드면으로 닦아주면 각질이 정리되면서 촉촉해진답니다.
세게 문질러도 솜이 찢어지지 않아요!
저는 콧볼 근처는 좀 더 힘줘서 닦아서 각질관리해 줘요.
여름에는 닦아내기만 하는데, 건조한 계절에는 닥토 후 남은 에센스를 얼굴에 그대로 짜서 흡수시켜줘요.
패드가 얇은데도 에센스를 많이 머금고 있어요.
톡톡 두드려서 얼굴에 흡수시켜주면 쫀쫀해집니다.
완전히 흡수되면 끈적이지 않고 산뜻해요!
닥토만 한 쌩얼입니다.
잡티와 모공 공개... ㅎㅎㅎㅎㅎ(콧등 모공 줄이는 방법 아시는 분... 어휴 심하네요)
모공보다는 피부가 빛나는 걸 봐주세요 ^^;
아무것도 안 바르고 세안 후 닥토만 한 건데도 번쩍번쩍하죠?
이전에 극건성 수부지일땐 상상할 수 없었어요.
진짜 이거 쓰고 나서 속보습이 많이 개선됐어요.
한겨울에 파데를 발라도 전혀 밀리지 않고, 피부 껍데기도 뜨지 않아서 찰떡으로 붙는답니다.
토리든 다이브인 저분자 히알루론산 세럼(2달/2통 사용)
닥토 후에 토리든 다이브인 저분자 히알루론산 세럼을 바릅니다.
이거까지 바르면 진짜 속보습 부스트 됨!!
한 살 한 살 먹을수록 속보습이 정말 중요하다는 걸 깨닫게 되죠.
속보습 개선율이 자그마치 114.94%라는 문구에 혹해서 구매!ㅋㅋㅋㅋ
속는 셈 치고 구매해서 사용해봤는데 정말 좋았어요.
투명한 하늘색 세럼입니다.
너무 끈적하지도 않고, 그렇다고 너무 묽지도 않은 적당한 점도
스포이드로 얼굴에 톡톡 떨어트려서 발라주면 촉촉해요.
저는 일주일에 한 번 정도는 2~3번 레이어링 해줘요.
2달 썼는데 지금은 이거 없으면 안 될 정도예요.
여름철에는 닥토 + 크림만 발랐어요.
그때는 당기는 거 못 느꼈는데, 건조한 계절로 갈수록 퇴근할 때쯤 되면 속당김이 좀 느껴지더라고요.
지금은 닥토+세럼+크림 바르니까 한겨울에도 당기는 느낌 1도 안 나요!
둘 조합이 정말 꿀!!!!
속건조 개선되고 유수분 밸런스가 잡히니까 진짜 신세계인 거 있죠ㅠㅠ
전에는 피부는 건조한데 시간이 지나면 개기름은 산유국 수준으로 나왔어요.
그래서 기름종이 사용하면 건조해져서 피부 벗겨지고 주름 생기고 반복...
정말 극심한 수부지여서 괴로웠어요.
지금은 기름종이 아예 사용 안 해요!
속부터 수분이 채워져서 개기름은 줄고, 반짝이는 피부를 갖게 됐습니다.
정말 유수분 밸런스의 중요성을 깨달았어요.
이 두 개는 제가 확실히 개선 효과를 경험해서 강추 드린답니다.
기초 유목민 생활을 끝내게 해준 아이템들이에요.
오아시스 패드는 100% 정착했고, 세럼은 반쯤 정착!
유수분 밸런스가 안 맞아서 괴로운 걸 제가 너무너무 오랜 기간 동안 경험했기에, 저처럼 수부지 극건성으로 고생하시는 분들에게 도움이 됐으면 좋겠습니다."
"안녕하세요
라이츄입니다
오늘은 악건성 피부인 제가 사용하는
화장품 소개 올려보아요
저는 여드름없고
악건성에
화장 안받고
화장 밀리구요
나이들면 주름 많이 생길 피부타입이에요
 ﾟヮﾟ 
화장품 유목민으로
초록마을 뒤져보면 너무 제품소개가 많아서
읽다가 하루 다 가버리는게 일상이구
그래서 제가 사용해보고
(내돈내산!!!)
주위에 언니들추천으로 알게되서
몇통째 사용하고 있는 화장품
소개합니다
참고로 전 일상생활 라이츄라
뷰티 블로거 아니라는 점 참고해주세요
 본트리 비타 베리 클렌징 폼
원래 유명한 아이만 쓴다고 센카 사용했었는데
몇년전부터 일본제품 불매운동 시작하면서
찾게된 폼클렌징이에요
본트리 크림도 좋고 해서 클렘징폼도
구매해봤는데 역시나 좋아서 지금도 잘쓰고 있습니다
거품 잘나고 잘지워져용
대만족♡
라네즈 크림스킨
3스킨 7스킨 하면 진짜 좋은데
이건 제가 쟁여놓고 쓰는 절대 화장품!!?
절대 안바꾸는 스킨이에요
너무 좋습니다
뭔가 땅꼬마 처럼 나왔지만 150ml에요 ㅎㅎ
악건성피부 강추 제품 입니다
다이브인 저분자 히알루론산 세럼
화해 어플에서 1위한 아이에요
유명하다는 아이는 무조건 집에 들여야 하는데
이건 촉촉하니 주름 많아질
저에게 수분공급을 해주는 아주 귀한 아이입니다
거의 다써가서 또 데려와야겠어요
이니스프리 블루베리 리밸런싱 로션
이건 선물받아서 2통째 사용중인데
유수분 밸런스 맞춰주고 수분로션이라
좋은거같아요
향도 좋습니다!!
언파 락토시카 베리어 크림
이 크림은
실은 좀 놀랐어요
원래 아이오페 시카크림만 쟁여놓고 쓰다가
다른건 써볼생각도 안했는데
이제품 티트리 향이 기분좋게 나구요
촉촉한게 화장도 나름 잘먹고
건성피부인 제가 사용해도 좋더라구요
튜브형식이라 더 맘에 들구요
데저트에센스 퓨어 호호바 오일
이건 그냥 강추....
말이 필요 없죠
다들 좋다 좋다 하는덴 이유가 있는 거였어요
제가 그동안 이아이를 왜 안썼을까 후회를 하며
용량도 많고
화장 진짜 잘먹고
오후에 팩트바를때도 안뜨더라구요
이런적 처음이에요
원래 아이오페 페이스오일 썼는데
그건 좋긴한데 저같은 악건성피부엔
금방 유분기가 날라가서
오후에 화장고칠때 애좀 먹었거든요
용량도 작구..비싸구..ㅠㅠ
다만 뚜껑이 불편해서
잘 떨어뜨려야하지만
참기름 떨어뜨리듯이 쓰시면 될듯?싶어요
브이텐 비타민 톤업크림
우연히 올리브영 매장에 갔다가
원래는 백설기크림만 쓰다가요
이아이 한번 써보자 해서 사용해봤는데
부드럽게 잘발리구요
자연스러운 톤업에
바르고 위에 화장해도 안뜨고 좋더라구요
 톤업크림이 이정도면 좋은거 아닌가요?ㅎㅎ
한율 선크림
한율선크림
이건 언니 강추로 구매해서 몇년째 쓰는지 모를정도에요
여기다가 플러스+
닥터자르트 더메이크업 너리싱 뷰티밤
요아이를 살짝 섞어서 바르는 편인데요
둘다 유분기 가득이라
너무 좋아요♡
닥터자르트 블랙라벨 비비크림이라구
많은 사랑을 받고있는 아이입니다
이두개의 조합은 완전 강추!!!
랑콤 뗑 이돌 울트라 웨어 파운데이션
PO-01
수지파운데이션 으로 아주유명한 아이인데요
파운데이션은 소량만 사용하는 저로썬
대만족
가격은 좀 나가더라도
오래쓰는 제품이라 좋은거 사용 하고 싶더라구요
진짜 이쁜 피부톤 연출가능에
부드럽게 잘발려서 진짜 좋아요
닥터자르트 시카페어 슬리페어 앰플 인 마스크
저녁에 일끝나면 집에와서
씻기도 싫고?ㅇㅅㅇ..
저만 그런거 아니죠??
씻고나서 머리말리기 제일 싫고..
화장품바르는게 제일싫은..
ㅋㅋㅋㅋㅋㅋㅋ
그래서 마스크팩은 냉장고에서 맨날
유통기한을 지나고 있는 저에게
이아이는 필수입니다
라네즈 크림스킨후 이거하나 바르고 자면
아침에도 촉촉하더라구요
후훗
닥터자르트 세라마이드 핸드크림
자 이제 마지막이에요
오늘 화장품 집에있는거 다꺼내와서 올렸네요
이것도 언니 강추템
핸드크림인데
끈적이지않고 촉촉하고 향좋고
그래서 보시다시피 늘 바르는 애장템이에요
요새 코로나때문에 손을 하루에 몇번을 씻고
손소독을 몇번을..하는지 ㅠㅠ
손이 버텨주는게 감사하다니까요
제가 유목민으로 이것저것 다써보고
건성피부에 맞는 
어쩌면 제피부에 맞는 아이들을 찾게되서
언젠가 한번 올려봐야지 했던
아이들을 소개했습니다
참고로 클렌징 오일을 사용하는데
그아인 제가 또 찾질못해서
저의 블로그 이웃인 조볼님 ♡
피부관리사의 뷰티_백과사전㋛ : 네이버 블로그
"" 전문 피부관리와 뷰티 제품 _백과사전 ""을 담고 있는 블로그 입니다. 문제성 피부도 함께 공유 할수있는, 유익한 제품만 선별하고, 여러 뷰티, 건강, 소통, 라이프 리뷰도 함께 나누고 있답니다. 저의 활기차고 건강한 뷰티_포트폴리오에 오신것을 환영합니다 '◡' ෆ 민낯주의바람! [ 제품품평 문의 ❁ joeun1014@naver.com ]
m.blog.naver.com
댓글로 여쭤봤는데요
세상에나..
이렇게 자세히 알려주셔서
제가 또 감동 ㅠㅠ
너무 감사해요 조볼님♡
식물나라 제품 사용해보려구요
전 뷰티블로거가 아니라서
그냥 내돈내산 저의 몇년간 사용해보고 쓴글인데요
혹시나 추천하시는 화장품있으시면
댓글남겨주세요
라이츄는 지인들의 추천을 사랑합니다♡
이렇게 글올리는게 얼마만인지..
실은 일시작하고
주6회휴무라 쉬는날쉬는게아니라서
글을 올릴수가 없었는데
이번주는 이틀쉬게되서 맘잡고 글올려봤어요
후훗
답방도 전부 다다닐꺼라구요
오랜만에 올린 긴글 읽어주신 이웃님들 
감사합니당
공감♡댓글♡서이추
늘 환영하는 라이츄에요
오늘도 행복한 하루되세요
#건성피부#화장품추천#본트리 비타베리클렌징 폼#라네즈 크림스킨#다이브인 저분자 히알루론산 세럼#이니스프리 블루베리 리밸런싱 로션#언파 락토시카 베리어크림#데저트 에센스 퓨어 호호바 오일#브이텐 비타민 톤업크림#한율선크림#닥터자르트 더메이크업 너리싱뷰티밤#랑콤 뗑이돌 울트라웨어 파운데이션PO-01#닥터자르트 시카페어 슬리페어 앰플 인 마스크#닥터자르트 세라마이드 핸드크림"
"토리든 셀메이징 센텔라 앰플 30ml (가격: 22000원)
오늘 제가 데려온 제품은 
#토리든 셀메이징 센텔라 #앰플 입니다!
토리든을 모르시는 분들은 
거의 없으시죠?!
토리든은 성분이 순하다고 많이 아실 것 같아요 !
( #토리든다이브인저분자히알루론산세럼 
이 제품으로 많이 아실 것 같은데,
저는 히알루론산  세럼을 5통정도 썼어요!)
히알루론산 세럼 제품이 진정효과가
없어서 아쉬웠는데 
진정효과가 있는
#토리든셀메이징센텔라앰플 이 나왔네요!
너무너무 궁금해서 바로 샀습니당 ㅎ.ㅎ
요즘 코로나로 마스크를 많이 쓰고 다녀서 
진정라인이 너무 필요한 것 같아요.
이 제품은 자랑거리가 너무너무 많아요!.!
토리든만의 독자 원료로 
진정을 위한 최적의 배합으로 
만들어진 제품이라고 합니다 !!
병풀추출물 80%(800,000ppm)와 
시카 핵심성분 4가지가 120ppm 
함유하고 있는 고농축 앰플이에요 !
따라서 피부에 강력한 진정에 효과가 있겠죠 ?!
심지어 발효성분이 들어가 있는데 
김치유산균으로 알려진 
락토바실러스 카버터스 균주를 이용한 
혼합 발효 성분이 포함되어 
진정에 도움을 준다고 합니다 !
또, 피부에 최적의 pH로 
약산성의 산뜻한 제형이라고 합니다 ~
토리든의 특허 성분인 
T-percent calming complex 을 포함한 
틈새 진정 앰플이에요 ~.~
제형은 약간 주르르륵 흐르는 제형은 아니고 
약간 조금 점도가 있어요 !! 
제가 2주정도 썻는데 
가장 맘에 드는 부분은 
성분이 너무 좋고
흡수력이 굉장히 좋아요 !
산뜻하게 발리고 끈적임도 전혀 없어요 ~
자극도 전혀 없습니당
끈적임이 없으니 지성이신 분들도 
좋아하실 것 같아요 !!
저는 건성이라 속건조를 잘 잡아주는 
느낌을 받았어요 !~!
진정앰플로 나온 제품이라
피부가 울긋불긋한 날에 바르고 자면 
다음날 진정이 굉장히 잘 되더라구요 !
또, 스포이드를 보시면 끝까지 앰플이 
올라와서 너무 좋더라구요
색도 영롱해서 이쁜 것 같아요 !
스포이드 넘 조하효 !!
재생 수
34
0
00:00 | 00:03
화질 선택 옵션
자동

스포이드 넘 조하효 !!
흡수가 넘 잘됩니당 !!
재생 수
31
0
00:00 | 00:06
화질 선택 옵션
자동

흡수가 넘 잘됩니당 !!
이제 전성분을 보실까요 ?! (❛ ◡ ❛)♡
토리든은 거의 모든 제품이 순한데 
이 제품도 위험도를 가진 성분은 하나도 없고 
성분이 모두 착해서 너무 좋아요 !.!
전성분을 표기할때
함량이 많은 순서대로 
표시를 해야하는게 법인데 
병풀추출물이 가장 많이 들어가있네요 !!
#마데카소사이드 
: 병풀(센텔라아시아티카)에서 
추출된 성분으로 피부진정 작용에 뛰어나 
민감한 피부에 효과적인 진정성분 
#아시아티코사이드 
: 피부 진정, 보습 성분으로 유연하고 매끄러운 피부에 도움
#마데카식애씨드 
: 고농축 파우더 타입으로 충부한 영양 공급, 
피부 진정, 생기에 도움을 주는 천연 유래 성분 
#아시아틱애씨드
: 피부 보습막 형성 및 진정에 도움 
#병풀추출물 효능
: 상처치유, 노화방지, 흉터개선
피부 진정, 여드름, 뾰루지 진정, 잔주름 예방, 항균 항염증 효과 
(병풀푸풀물 효능을 보기 위해선 
함유량이 높아야 합니다!)
하지만 단점은 양이 너무 작아요 ㅠㅠ
양에 비해 가격도 나가는 편이니 
화해어플에서 할인할 때 쟁여두면 
좋을 것 같아용 ~!
이렇게 셀메이징 센텔라 앰플 
#내돈내산 리뷰였습니당 ~ 
저는 개인적으로 #강추 하는 제품이에요 !!
 봐주셔서 감사합니당 ʕ•̫͡•ʔ♡ʕ•̫͡•ʔ"
"썸네일
안뇽하세용 😆 !!!
오랜만에 힛팬&공병인증 리뷰로 간만에 기록!
피부과 시술은 요즘도 이것저것 받고 있어서
피부 상태가 좀 회복되면 다시 피부과 리뷰로 찾아올게요 :)
오늘 폿팅은 처음 해보는 공병 인증 리뷰!
아마 매달 포스팅되진 않을거같구 그때그때
공병이 좀 모이면 간단 후기(?) 정도로 올려볼게요
스와니코코
에프지에프 오리지널 앰플 45ml 
56,000원
면세에서 저렴하게 구입했던건데
용량도 45ml라 꽤 오래 사용한 거 같아요
주르륵 흐르는 제형 자체도 너무 무겁지 않고, 
한 번만 발라도 수분+보습감 잘 잡아주고 
피부 진정이나 안색 개선?에 효과가 좋았던 것 같아요👍
이건 꾸준히 사용하면 피부 상태가 늘 좋아서
특별히 이 제품 때문인가?를 잘 모르고 있다가
며칠이라도 안 쓰면 바로 피부에서 티가 나는! 앰플
한통 싹 비우고, 
하나 더 쟁여놓은 아이는 가을에 시작해보려구요 :)
#재구매의사있음 #앰플추천 #스와니코코FGF
토리든
다이브인 저분자 히알루론산 세럼 50ml
22,000원
올리브영 세일 때 엄청 띄워주는 세럼이랄까..
인스타 광고도 많고
대체적으로 후기도 좋고 가격도 저렴해서 써봤어요
이런 제형의 히알루론 앰플은 수분감 챙겨주는건 좋은데 
그 외에 다른 기능성은 그닥 없다고 느껴져서,
저는 이 제품 하나만 쓰기보다는
앰플 에센스 단계에서 첫번째로 사용 후
두번째로 주름, 탄력, 미백, 진정 등의 다른 기능성 앰플, 에센스를 그날 피부 컨디션에 따라 한 번 더 사용해 줬어요
앰플 단계에서 2단계로 사용하깅 ~_~
그렇게 사용하니 훨씬 효과도 좋고, 
트러블 걱정 없이 베이스 앰플용도로 쓰기 좋았던 제품
(단독으로 쓰기엔 내피부엔 조금 부족 9ㅅ9)
가격이 너무 착해서 부담없이 아침저녁 쓰기 좋았던 무난한 수분앰플이었어요
#재구매의사글쎄 #무난한수분앰플 #토리든히알루론산세럼
닥터자르트
시카 페어 토너 250ml
33,000원
올리브영 직원 추천으로 구입해서 꽤 오래 사용한 토너에요
용량도 많고, 뾰족하게 나온 독특한 토너 입구 모양이 
은근 화장솜이든 손바닥이든 양 조절하며 덜어 쓰기 편하더라구요.!
시카 토너라고 해서 마냥 산뜻한 사용감을 기대했는데 반전
산뜻 촉촉한 타입이라 닦토 후에도 일절 건조하거나 
얼굴 당김 1도 없고, 손바닥에 챱챱 덜어서 
얼굴에 꼬옥꼬옥 눌러주면 세상 촠초크한 느낌.!
처음엔 효과를 잘 몰랐는데 반 통정도 쓰다 보니 
확실히 피부 트러블 진정에 효과가 좋긴 좋은 듯
한 번씩 각질 때문에 피부 결이 좀 엉망인 것 같은 날
토너 팩으로 사용하면 피부 결 정돈도 잘 되고, 
한통 다 비우는 동안 트러블 피부가 많이 진정+개선돼서 
만족스러운 토너
#재구매의사있음 #촉촉한시카토너 #피부진정 #가성비갑
23years old
바데카실P 50g
29,500원
이건 페이스용 말구, 슴드름용으로 가슴 위쪽에 트러블 케어용으로 사용했던 크림이에요
얼굴에 사용하니 좀 건조하기도 하고,
약간 따끔거림이 있었는데 3,4일 정도 사용해도 
사용할 때마다 따끔거림이 있어서 
얼굴 사용은 중지하고 가슴 위쪽 트러블 부위에 사용했어요 :)
결과는 만족?!
몇 년 전부터 가슴 위쪽에 좁쌀처럼 
트러블이 한번 확 올라온 후에 쉽게 가라앉지 않아서 
병원도 가보고, 연고도 따로 처방받아서 사용해봤는데 
쉽게 낫지 않더라고요 9ㅅ9
아이소이 스피디 스팟 (강추!) 3병 정도 사용하고 
많이 좋아져서 이걸로 바꿔봤는데, 
이 크림도 사용하는 동안 효과는 좋았어요
요즘은 새로운 좁쌀 트러블은 거의 안 올라오는데
착색된 흉? 같은 게 신경 쓰여서 미백 에센스 발라주는 중!
#재구매의사있음 #트러블케어크림 #피부진정크림
오가나셀
펩타이드 리커버리 크림 30ml
50ml 38,000원
50ml 본품 구매하면 30ml 미니 제품을 주더라구요
먼저 30ml 한통 다 사용해봤는데 잘 맞아서
50ml도 곧 사용 시작해보려구요 :)
오가나셀 크림은 인스타나 뷰블에 좋은 후기가 많아서 
혹시나 하는 마음에 공홈 가입하고 구입했던 크림이에요
연고같이 꾸덕한 제형인데, 유분감은 별로 없어서
도톰하게 발라줘도 번들거림 없이 산뜻한 느낌?
근데 저는 이거 하나만 바르면 쪼꼼 부족한 느낌이라
이 크림 사용하는 동안에는 다른 수분크림이나 영양크림도 같이 사용했어요 :)
새롭게 올라오는 트러블에는 효과 좋은지 잘 모르겠지만
피부과 레이저 후 화끈거리는 얼굴 진정에는 효과가 좋았어요.!
요즘은 피부과에서 구입한 진정크림 사용 중이라 본품 개봉은 좀 더 있어야 될 듯
#자극없이순한크림 #진정크림 #재구매의사있음
아이소이
아크니 닥터 퍼스트 컨트롤 토닉 130ml 
34,800원
닥터자르트 토너 다 쓰고 사용했던 토너에요
요것도 올리브영 직원 추천으로 구입
트러블 케어용 토너지만 촉촉한 타입이라
수분감도 채워주면서 피부 진정 효과도 있어서 만족.!
가격은 닥터자르트보다는 쪼금 비싼 편인데
둘 다 피부 진정 효과나 수분감 지속력, 
발림성 만족도가 (내기준) 거-의 비슷해서
가격 따져보고 재구매 한다고 생각하면 닥터자르트ㄱㄱ
사용하는 동안 피부 상태가 엄청 좋아지는 효과는 없지만,
속 당김 없이 촉촉하게 피부 상태를 유지해 주고
피부 결 케어도 잘 된 것 같아서 깔꼼히 잘 썼네용
#재구매의사있음 #촉촉한트러블케어토너 #무난템
라포티셀
판테놀 10% 수딩 크림 75ml
32,000원
요것도 피부 진정에 효과가 좋다고 해서 (귀얇;)
광고 보고 구입했던 크림
반투명 겔 타입 크림인데, 바르고 나면 바로 쏙 흡수되고
유분감 1도 안 느껴지는 크림이에요
다 흡수되고 나면 뭔가 벨벳 느낌으로 얼굴 전체가 무광 블러 처리되는 느낌이랄까...?
금방 건조해진다거나, 수분감이 전혀 없는 것도 아닌데
이 크림 하나만 바르기엔 
뭔-가 수분감도 보습감도 충족되는 느낌이 없어서
다른 영양크림을 한 번 더 발라주는 크림 9ㅅ9
가격 대비 용량도 많아서 다 쓰느라 애먹었어요
피부 진정 효과는 있는 것 같지만..!
제 피부 타입에는 단독으로 사용하기엔 부족하고, 
이 크림 때문에 피부 진정이 된 건지 알쏭달쏭 알 수 없는 크림이라 재구매는 노놉
#판테놀수딩크림 #재구매의사없음 #장벽강화크림
요로콤 8월 힛팬&공병인증 간단 후기 끄읏
요즘 다른 스킨케어 제품도 꾸준히 잘 쓰고 있어서
또 이렇게 모아 모아 다시 포스팅하러 올게요 :)
구매에 조금이나마 도움 되었으면 좋겠어요.!"
"내돈내산 임산부 성분좋은 기초 화장품 추천!
첫째 때도 임신을 확인하자 마자 화장품을 바꿨었다. 고가의 화장품이 좋겠거니, 생각하고 썼다가 화해앱이 생긴 이후 줄곧 거기에서 좋다는 화장품들은 항상 서치하고, 성분에 이상이 없으면 구매하는 편이다. 
임신 이후로 화장품 소비에도 큰 변화가 있었다고나 할까.
화학성분 없는 화장품으로 쭉 쓰고 있던 터라, 이번에도 꼭 임신해서 바꿨다기 보다는 평소에도 쓰고 있던 화장품으로 소개해보고자 한다.
내돈내산 임산부 기초스킨케어 화장품 추천
임신 12주차 / 피부타입 수부지 / 피부고민 좁쌀여드름, 푸석푸석함
기초 스킨케어 루틴은 스킨-에센스-크림 으로 간단하게 마무리하는중이다. 
원래 아이크림도 바르긴 했는데, 혹시나 레티놀 성분이 태아에 안좋을까봐 요즘 안쓰고 있는데 써도되는지 좀 찾아봐야겠다.
스킨케어
1. 라운드랩 독도토너 (쓰는중) - 20가지 주의성분 없고, 알레르기 유의성분 또한 없다. 워낙 유명한 베스트셀러. 
토너에 묻혀서 첨에는 닥토, 두번째는 토너를 피부에 흡수 시킨다는 느낌으로 꾹꾹 눌러주는 중.
엄청나게 피부결이 정돈되고 효과가 직빵이다! 이런건 없지만 (그럴러면 화학성분이 들어가야 할듯) 무난하고 가성비 좋게 쓸 수 있는 기본 템인것 같다. 재구매의사 ★★★★★ 
2. 꼬달리 비노퍼펙트 브라이트닝 에센스 (쓰는중) -20가지 주의성분 없고, 알레르기 유발 주의성분이 있었네??
꼬달리는 수입브랜드 화장품 치고 그래도 화학성분이 없는 편이다. 향료가 들어있는게 사실 알레르기 유발 성분일텐데 그냥 은은한 정도여서 사용하고 있었다. 남은 용량만 얼른 사용하고, 다시  재구매의사는 없는 것으로.
재구매의사 ★★★
리날룰, 리모넨이 시트러스 계열 향료인듯. 요 두개가 알러지반응을 일으 킬 수 있으니 주의하세욧!
3. 원씽 어성초 추출물 (다음에 사보고 싶은 것!!) 인스타에서 겁나게 광고 나오고 있는 원씽 어성초 추출물!
원래는 율무 추출물을 보고 혹했는데, 종류가 많아서 사게된다면 어떤게 좋을지 고민을 해봐야겠다. 우선 인스타 광고 상품답게, 요즘 트렌드에 맞게 유해성분은 0이다.  요즘 또 어성초 관련 케어 제품들이 인기가 있다보니, 원씽 라인들중에서도 어성초가 제일 리뷰수가 많은 듯.
어성초 추출물은 문제성 두피, 트러블성 피부에 노폐물 배출 효과, 항산화 효과 등이 있고  EWG 전성분 그린등급 이라고한다. 매우 혹함. 한번 써보고 싶음!
에센스
1. 꼬달리 비노퍼펙트 래디언스 세럼 (쓰는중) - 20대때 한창 많이 썼었는데, 왠지 30대가 된 지금은 내 피부랑 잘 맞지 않는 것 같은 느낌도 든다. 그때는 요 세럼 하나가 만능이었는데 이제는 뭔가 더 리치한 것이 필요한 느낌. 임신중이라 피부가 더 푸석해지는 것 같아서 옛 기억을 더듬어 산건데, 그때의 효과가 없는 것 같은 아쉬움.
20가지 주의성분이 1개 포함되어있지만 이정도면 양반.!! 향료가 들었다. 
이것도 이것까지만 쓰고 쓰지 않겠어유. 재구매의사 ★★★
2. 로지컬리스킨 아쿠아타이드 리서페이스 세럼 (쓰는중) -성분 좋고 흡수도 무난하게 되는 편!
항노화 성분의 아쿠아타이드가 함유되어 있는 고 기능성 세럼이다.  요거랑 브라이튜닝 펩타이드앰플하고 같이 쓰면 효과가 배가 된다고 해서 작년에 구매했는데 한두달 열심히 쓰다가 다른 화장품을 사버리는 바람에... 서랍에 쳐박혀있다가 이번에 다시 꺼내서 쓰는 중. 무난하고 흡수도 잘되는 편
재구매의사 ★★★★
다음에 사보고 싶은 것들!!
3. 케어놀로지 리블루 나이트 페이셜 오일  하도 좋다는 이야기를 많이 들어서 한번 써보고싶다! 나같은 수부지는 수분/유분 밸런스가 중요하기 때문에 너무 무겁지 않은 오일을 크림에 섞어서 사용해도 좋다고 하길래, 담에는 이것도 사보고싶음. 20가지 주의성분과 알레르기 유발 주의성분 없음!
4. 토리든 다이브인 저분자 히알루론산 세럼 / 다자연 어성초 케어세럼
화해에서 탑 1,2, 3를 몇년 동안 지키고 있는 베스트상품들! 한번 써보고싶다. 물론 20가지 주의성분과 알레르기 유발 주의성분 없음!
5. 나인위시스 하이드라 스킨 앰플 세럼 
요건 1-2년전에 수분세럼으로 써본 적이 있는데 흡수도 빠르고 굉장히 촉촉했던 기억이 있다. 다음에 다시 써봐야지. 20가지 주의성분과 알레르기 유발 주의성분 없음!
크림
여름에는 수분크림, 환절기에는 좀더 리치한 크림을 사용하거나 오일을 섞어서 바르는 중
1. 에스트라 아토베리어 365크림 (쓰는중) - 그냥 크림이 있고 365크림이 있는데 사실 차이점이 뭐가 뭔지 모르겠고, 올리브영에서 할인할때 365로 구매했던 것 같다. 성분 매우 좋고, 온가족이 함께 쓸 수 있다고 함.
여름에 쓰기에는 좀 무거울 수 있고, 나는 환절기때만 사용중이다. 작은 알갱이 들이 들어있어서 손으로 잘 녹여서 발라줘야함. 흡수도 잘되고 바르고 나면 촉촉한 느낌! 재구매의사 ★★★★★
2. 뮤스템 수딩 리페어 크림 (쓰는중) - 마켓컬리 이슬아 CEO가 강추하는 아이템이라고 하여, 컬리에서 구매했다. 
용량대비 좀 비싼게 아닌가 했는데? 꽤 오래 사용하는 중. 텍스쳐나 향 (무향임 ㅋㅋ)은 아스테라 아토베리어크림과 매우 유사하다. 촉촉하고 부드럽게 발림! 아니 그런데 피이지가 들어있네? PEG는 내가 무조건 거르는 성분인데 컬리에서는 주의성분에 대한 표기는 없었는데. 화해나 컬리 둘중에 한 곳에서 성분 업데이트가 필요할것 같다. 
재구매의사 ★★★★ 
+ 번외
마스크팩
보통 올리브영에서 메디힐 세일할때 많이 쟁여두는 편
최근 컬리에서 구매한  더랩바이블랑두/메이크프렘/디어클레어스 마스크팩 모두 추천!
클렌징
요즘 재택근무하면서 화장을 안하기 때문에, 세정력이 높은 클렌징을 따로 할 일이 거의 없고 
피부 PH를 유지하는 약산성 폼을 쓰는 게 좋다고 하여
비플레인 녹두 약산성 클렌징 폼 사용중. 순하고 자극이 없다. 세수 후 땡기지 않아 추천!
  그래서 뭘 쓴다구요? 뭘 쓸꺼라구요?
스킨- 독도토너 
에센스- 로지컬리스킨/토리든 다이브인 세럼/ 다자연 어성초 세럼
크림- 아토베리어 365크림
올 겨울 & 봄까지는 이렇게 쓸 예정 !!
임신 12주차인 요즘 피부가 더 탄력과 생기를 잃어가고 푸석한 느낌이다. 그간 수분충전에 집중했다면 이제는 영양과 탄력도 신경을 써야겠는데, 성분좋은 것들로 계속 알아봐야 겠다.
여름되면 또 그에 맞는 화장품을 찾아.. 먼 여정을 떠나야겠죠오
#임산부화장품 
#임산부스킨케어
#내돈내산후기"
"벌써 2021년이라니... 정말 말도 안되지 않나요😞
20년에 별로 한 것도 없는데...
그래서 2020년에 구매한 만족도 100% 제품들을 소개해드릴게염ㅎ.ㅎ  급전개
전부 내돈내산입니다^_^
스킨케어
Next image
구매 인증
제품명: 라운드랩 1025 독도 패드
구매처: 올리브영
- 이건 제가 저녁에 쓰는 제품이에요! 저는 수부지+피부예민 이라서 스킨을 여러개를 써봤어요..
그러다 정착한 이 친구 ! ! !
막 엄청 좋다!! 이런건 아닌데 그냥 무난무난하게 쓸 수 있더라구요. 피부 트러블도 전혀 없었어요
그래서 전 저녁에는 이 독도 패드를 씁니다
제품명: 나인위시스 하이드라 앰플 토너& 토리든 다이브인 저분자 히알루론산 세럼
구매처: 올리브영
- 이 앰플 토너는 제가 낮에 쓰는 용이에요! 저는 겨울만 되면 항상 입 주변이랑 코가 엄청 텄는데 
나인위시스 토너랑 토리든 세럼을 같이 쓰니 정말 촉촉하더라구요! 
건조한 것 때문에 엄청 찾아보다가 둘이 같이 쓰면 효과대박이라고 해서 사봤는데 정말 굳...👍🏻
두 개를 같이 쓰니까 입 주변도 트지 않았어요! 
저 같은 분들에게 추천 드려요
(개인적으로 냄새도 좋고 세럼도 묽어서 아무것도 바르지 않은 것 처럼 바로 쓰며들어요!)
제품명: 라운드랩 자작나무 수분 크림
구매처: 올리브영
- 이 수분 크림도 라운드랩거입니담
수분 크림도 진짜 많이 바꿨었는데 이젠 여기에 정착 했어요 ㅎ 더 좋은 거 발견하면 바꿀지도,,,
처음엔 성분 착해서 사봤는데 만족합니다^.^
트러블도 안나고 얘도 그냥 무난무난한 제품 
위에 토너랑 세럼이랑 같이 쓰기 좋아요!
먼저 4개의 스킨케어 제품들을 소개해봤어요🙃
바디케어
올리브영 매장가서 구매한거라 영수증이 없네요 ㅠㅠ
제품명: 더마비 데일리 모이스처 바디 로션& 더마비 데일리 모이스처 바디 오일
구매처: 올리브영
- 드디어 이 친구들...!!! 얘네들 때문에 이 리뷰를 쓰려고 했어요 ㅠㅠㅠㅠ
진짜 강력추천 하고 싶은 제품들 ! ! ! !
저는 몸이 진짜 악건성이어서 초겨울만 돼도 팔이랑 다리가 다 터서 진짜 난리도 아니에요 ㅠ ㅠ
너무 스트레스 받아서 보습력 좋은 바디로션을 찾다가 발견했는데 진짜...너무...최고....
근데 여기서 중요한 포인트는 두 제품을 같이 써야 된다는 거예요!!
저녁 샤워 후에는 저 바디 오일만 발라주고, 아침 샤워 후에는 저 바디 로션만 발라주면 
건조한게 뭐져^^?? 진짜 보습력 최고!!!!
저는 특히 다리가 너무 건조해서 엄청 간지러웠는데 이 조합을 쓴 뒤로는 간지러운게 줄었어요
저 같은 분들에게 강력 추천합니다‼️‼️‼️
구매 인증
제품명: AP 댄트롤 쿨링 멘톨 탄산수 샴푸
구매처: 쿠팡
- 저는 몸은 악건성인데 머리는 너무 지성^^... 머리를 감아도 금방 떡지는 그런 ^^,,,, 
그래서 이 샴푸를 추천 받았는데 정말 만족해서 정착했어요!! 
확실히 머리가 기름지는게 거의 없어졌어요 👍🏻
그리고 ‘쿨링 멘톨’ 샴푸라 머리 감을 때 두피가 화아~~~~ 해지는게 뭔가 제대로 머리 감는 느낌^^.. ㅋㅋㅋㅋㅋ 이것도 추천드립니다
그리고 일단 가성비 최고예요 820ml에 4000원 ! ! ! 커피값보다 싸다 ^_^
리빙
제품명: 필립스 보풀제거기
구매처: 
- 엄청 유명한 보풀제거기... 구매처는 생각이 안나는데 네이버에 검색하면 바로 나와요! ㅎㅎ
이게 그렇게 유명하다길래 한 번 구매해봤는데 정말 굳^^~~ 
헌 옷들이 새 옷이 되어 가고 있어요 ㅎ 
그리고 세일도 많이 하니까 다들 9000원대일 때 구매하세요! 저도 9900원에 구매했어요!
아 그리고 이거 뚜껑 열고 사용하는 거예요!!!
많은 분들이 뚜껑 안열고 사용하시더라구요 ㅠㅠ 
‼️‼️뚜껑 열고 사용하는겁니다‼️‼️
구매 인증
제품명: 단미 CLS02 클린픽 휴대용 구강세정기 치아세정기 물치실 30ml
구매처: 단미공식스토어
- 여러분... 아직도 구강세정기를 사용하지 않는 분이 계신가요....? 하... 진짜 꼭 사세요...
그동안 이빨 닦던건 닦은게 아니었습니다... 
이제는 이 구강세정기 없으면 이빨을 닦아도 찝찝해요 ㅠㅠㅠㅠ 다들 꼭 사세요...!
가정용 구강세정기는 보통 9만원정도 하잖아요 ㅠ 너무 비싸서 고민하고 있었는데 휴대용도 괜찮다는 말을 봐서 함 사봤는데, 저는 휴대용을 추천드려요!
휴대용이라고 해서 뭐 기능이 떨어지지도 않고 배터리도 엄청 오래가요! 
저는 굳이 비싼 가정용 살 필요 없다고 생각해요 ㅎㅎ 그리고 휴대용이라 갖고 다니기도 편합니당
이 제품은 노멀, 소프트, 펄스 이렇게 3단계가 있는데, 
구강세정기 처음 쓸 때는 잇몸이 진짜 너무 아파요 
그러면 먼저 소프트 단계로 쓰고 익숙해질때쯤 노멀 단계로 바꾸면 됩니다 ㅎㅎ 
구매하고 잇몸이 너무 아프다고 안쓰시는 분들도 많던데 꼭 먼저 소프트 버전으로 쓰시면서 익숙해지셔야 돼요!! 
이렇게 오늘 2020년 베스트 제품들을 함 리뷰해봤어요 ㅎㅎ 
다음에는 2020년 베스트 옷들을 한 번 리뷰해볼게요🍒
그럼 안녕~~~~~"
"안녕하세요
먕구입니다 !!!!!!!
글씨체가 
새로 생겼네요 
🤍
뒤죽박죽이의
일기 아닌 일기 
시작 ^^
넷플릭스 추천 ㅠㅠ
다덜 이거 보셨나요 
#시지프스 
판타지 장르인데  뭔가 본적없는 
새로운 느낌이에요 ! 꼭 보세요 추천 !
입맛이 매년 달라진다
초밥중에 제일 좋아하는거
새우-연어-한치-계란 초밥 순으로 바뀜
최애는 계란초밥 !!! 💛
나도 드디어 애플워치를 사부렸당
#애플워치se #애플워치나이키에디션
실버랑 스그랑 고민하다가 
역시 애플은 실버죠 ? 🤍
나이키에디션은 .. 공홈에만 파는건가요 ?
대구 매장에 아무리 전화해도 없던데 ....
애플워치 6세대,,,,,,!!!!!!!!
Aod기능을 사용해보고 싶었지만 
넘 비싸서 포기 ... 
(18만원 정도 차이나요 ,, ㄷ ㄷ)
나이키에디션은 
스트랩 예쁜게 없어 .... 
애플워치 줄 질 바로 시작했어요 
오면 보여드릴게요 🤓
직구해서 구매하면 
저렴하대서 샀는데
아직 배송이...(한달 넘을기세)
조예가 선물해준 가방 + 보은 조예 만나러 가는 길
12월에 조예한테 선물 받은 가방 
오랜만에 외출 ! (오늘로 3번쨔)
거울보다가 
착장 색감이 예뻐서
찍기 ㅎㅂㅎ
*** 내가 제일 좋아하는 색 ***
소라색 민트색 
작년엔 핑크였는데 ... 🎀
#에이엣디 #카야토스트
카야토스트 첨 먹어보는 사람 
나!!!!!!요!!!!!!!
카야잼이랑 바나나랑 빵이랑 
넘 넘 잘어울려
애들이랑 한창 수다떨고
+이날 날씨가 너무너무너무 너~~~~~무 좋았음 
ㅠㅠㅠㅠㅠㅠ 오랜만에 행복
#온달포장
또 왔습니다 ... 
주기적으로 먹어줘야 한다 ㅎ ㅎ ㅎ 
곰장어파 : 예진 보은
닭다리살 닭발파 : 보은 미양
닭발은 못먹어서 아쉽다 
다음은 닭발이야!!!!!!!!!!!!!!!
여기서 또 
컨셉잡고 영상 찍었는데
ㅋㅋㅋㅋㅋㅋㅋㅋㅋㅋㅋㅋㅋ
보다가 현타와서 
못올리겠네 ....
갤러리에 조심히 간직 💭
다들 실물파 ^^
인생네컷도 빠질 수 없지!
구닥 인생네컷 언제 찍으러가징 ?
ㅋㅋㅋㅋㅋㅋㅋㅋ또 또 또 
조예랑 있으면
역시나 그냥 지나 칠 수 없지ㅋㅋ
우리 여기서 사진 찍으려고
지하철 왔는데 
다음 거 탄게 레전드 ... ㅎㅎ
백일섭님과
똑같은 표정으로 사진 찍기 ^___^
ㅇ_-
이수진한테 보낼 사진 😉
ㅎㅎㅎㅎㅎㅎㅎ 
ㅋㅋㅋㅋㅋㅋㅋㅋㅋ웃겨죽음
잘 좀 해바 ~~ ^^
미또닭발
#닭발사랑해 #닭발영원해 #홍콩할매불닭발
양많고 특히 버터계란밥 짱맛탱이에오
닭발은 쏘쏘 ?
의심이 - 마치 자기집 안방
내가 부르는 이름은 의심이 
회사에서 떠돌아 다니던 고양이인데
직원분들이 밥도 주고, 간식도 주고
하니깐 엄청 많이 컸다 !!!
사람도 덜 피하고 
요즘 마음이 편해 보여서 좋다 : )
매일 밥달라고 찡찡찡
귀여워랑 
또 츄르 들고가께 💛
전 날 떡볶이가 넘 넘 
먹고싶었는데 ,,,, 
기념으로 한컷 ^_^
(1)
재생 수
3
00:00 | 00:02
화질 선택 옵션
144p

🧸 (1)
짱 귀여운 루이
면주가 강아지를 분양 받았는데 
넘 넘 귀여우ㅓ
마약영상 ㅠㅠ
아가 ..... 🤍 점프 잘하네.... 🤍
뽀시래기야.....🤍
루이 근황
자주 자주 보여주세요
진짜 ... 가격 ... 말잇못 ... 
#아임프롬 #깡나마켓 #대혜자
아임프롬 머그워터 에센스(쑥라인) 진짜 좋아하는데...!
이번에 유투버 깡나님이 마켓을 여섰다 ㅠㅠㅠ
안그래도 토너 에센스
다시 아임프롬으로 돌아가려던 참에,
정말 너무 득테미!!!!!!!
그리고 영상에서 깡나님이
 꿀팩이랑 스크럽팩이랑 2:1 비율로
같이 써보라고 하셨는데
진짜 댑악 ... 피부가 보들보들
***저는 허니 꿀팩 단독으로 썼을 때 개인적으로 
좋다는 생각 못했던 사람입니당***
또 마켓 열어주세요 🐻‍❄️
쭈 토비 미양 만난 날-교동 롱런
언제 어디서든 
맘에 드는 노래가 나오면 
그 자리에서 찾아야된당 ㅎㅎ
또 찾은 교동 롱런 =3
#노래맛집 이자너!!!!!!!!!!!!!!!!!
물욕이 차오른다 차오른다
한참 피부때문에
스트레스 왕창 받아서 
스킨케어만 자주 바꾸던 시절 ....
다시 요즘은 옷이랑 가방 신발에
관심이 많아졌음 !
#아우로 가방인데 만두같이 생겼다 
작년 겨울부터 사고 싶었는데 ..... 
블랙 왜 품절 ... 아이보리로 가...?
산다 vs 만다 
블랙 vs 아이보리
취미를 만들어보자
한창 열심히 
비즈반지 만들기에 빠졌던 날이 있었지요
요즘은 소홀해지고
마음이 불안정한 상태라
손 놓고 있었는데
다시 눈에 들어왔다!!! 
꾸준히 할 수 있는 취미를 만들고싶다 
하고싶은거 : 재봉틀, 노래, 요리 등등 .......
바로 어제!! 
올리브영 세일하길래 다녀왔다 
#필리밀리퍼프 #밀착퍼프
: 두번째 구매인데 퍼프 이름답게 밀착력이 매우 좋당
근데 요즘 쿠션사면 왠만하면 쿠션 다 좋음 !
#브링그린 #기름종이 
: 아직 써보지않음 ! 어떤지는 후기 다시 가져오겠!
#필리밀리 #펜슬깎이
: 정말 매우 무난 무난 , 
좋은점은 큰 펜슬 깎는곳(립펜슬)
작은 펜슬 깎는곳(눈썹같은) 
하나에 두가지 타입이 있다 정도?
#앤디스초콜렛 #민트초콜렛
1+1으로 두개에 4,000원 !!!!!
: 처음 먹어보는데 넘 맛있었음 ㅠㅠ
또 사야지ㅠㅠ
요즘 쓰고 있는
~ 세상 좋다는 건 다 써보는중 ~
개인적인 의견입니다 ... (내돈내산)
#유리아쥬 #베리어덤시카토너
: 보습력 좋다. 진정효과는 잘 모르겠음
#셀리맥스 #노니앰플
: 노니가 염증에 좋다는데 잘 모르겠다
보습력 괜찮, 진정효과 없음, 양 작음
❤❤❤️❤️️️ #약국템 #큐아크네크림
이거 다섯통째 인생템입니다
약국템인데 빨간 염증성 여드름에 바르지마시고
듬뿍 올려놓고 자세요 ! 다음날이나 몇일 뒤
노랗게 올라와서 여드름 짤 수 있어요
(친구들도 사용 후 많이 구매했음)
#유리아쥬 #시카크림
: 샘플로 받은건데 진정 효과는 와 너무 좋다!
는 아니고 적당함
제형이 조금 꾸덕하지만 
발림성은 재생크림치고 괜찮았어요
#토리든 #다이브인저분자히알루론산세럼
: 세럼치고 가볍다
가벼운데 보습력은 적당히 괜찮
좁쌀 가라앉음정도
#라운드랩 #자작나무수분크림
: 진짜 딱 수분만 있음 유분기 1도 없음 ! 
❤❤️️❤️ #닥터디퍼런트 #비타에이크림포르테
: 진짜 피부 요철이 많이 사라짐
피부결이 보들보들 해짐을 경험 할 수 있음
낮에 바르면 절대 안됩니다 ,,, 
모르고 썬크림 안발랐다가 갑자기 급 까매짐 피부
비싸다!!!!!!!!!!!! ☹️
비타에이크림-> +포르테 로 넘어옴
*** 처음부터 크림이 잘맞았는데 개인적으로 
포르테보다 그냥 기본 비타에이크림이 더 좋았음***
❤️❤️ #앰플앤 #세라마이드샷앰플
: 짱 촉촉하고 내 피부랑 잘맞음
보습이 오래 유지된다
반짝 반짝 마치 광나는 피부 ㅎㅎ
다음번엔 시카 들어간 앰플로 사용해봐야겠다!
#스킨푸드 #캐롯카로틴릴리프크림
:붉은기 많이 없애주는 크림
수분기 유분기 적당함
내가 좋아하는 발림성 ~~~~!
❤️❤️❤️❤️❤️ #낫츠 #센텔라스카연고
: 진짜 작은데 스팟으로 사용하면 정말 좋음
좁쌀, 큰여드름, 빨간여드름
특히 여드름짜고 흉터 남는거 ...
낫츠 연고 꾸준히 발라주면 사라짐....... 댑악
신세계를 경험했어요 진짜
발림성도 괜찮고 흡수력도 빨라요
피부 붉은기도 없애줍니다
진짜 꼭 꼭 써보세요 ! 꼭이요
#롬앤 #올댓재즈
: 헤라의 팜파스 컬러에서 핑크 한방울
레드 한방울 떨어뜨린 느낌
자연스럽지만 생기있게 연출되는 !
팜파스 요즘 다시 잘바르고 다닌닷
세상에 예쁜 색깔들이 너무 많다 
다 써보고싶엉요
올댓재즈 발색샷
너모 예쁘죠 
입술에 한번 바르면 
좀 더 자연스럽게 연출 가능 ~^_^*
아이폰 인물모드 재미들림
화장 맘에 든 날 
셀카파티 
요즘 눈화장은 
핑크 컬러에 빠졌어유 
애굣살에 바르면 
정말 정말 예쁜 아이들도
나중에 소개드릴게유
화장품 중 젤 좋아하는고
: 립, 블러셔, 글리터 🤍🤍🤍
음...
#CU초코찰떡꼬치
초코를 너무 사랑하는 나지만
이맛은 너무 인조적인 맛
딱 별로 안좋아하는 초코시럽맛이 ...ㅠㅠ
떡은 쫀득쫀득했음! 
보기에는 진짜 맛있어보이는데
정말 보기에는 ..... 이하생략
(2)
재생 수
7
00:00 | 00:02
화질 선택 옵션
자동

🧸 (2)
안경 미양 또 등장
안녕하세요 임동글입니다
안경은 또 미안해요
얼굴 동그란 사람은 
어떤 안경을 쓰면 좋을까여 ...?
난 너무 크지도 작지도 않은
중간 사이즈 안경이 그나마 어울린다
안경 또 언제 사러가징 ?
핑크색 테 안경 진짜 사고싶은데 말이야 .............
세상 천사 언니들
회사에서 일하고 있으면 
우리 부서로 올 때
꼭 맛있는거 챙겨들고 오는 언니들 ㅠㅠ
전화한다고 정신없었는데
옆에보니 간식거리가 ... 🍪
과자 장보러 가야겠다 😉
무슨 캐릭터인지는 모름
두번째 ㅋㅋㅋㅋㅋㅋㅋㅋㅋㅋㅋㅋㅋㅋ
노루 님 
인스타 스토리로 혼자 #불멸의칼날? 
보러 가셨길래 ^^ 
이게 그렇게 재밌다묘?
팝콘 먹으면 주는 ㅎㅎ 
인스타 디엠으로 나 달라고 했는데
오늘 아침에 진짜 있길래
깜노르 ㅋㅋㅋㅋㅋㅋㅋㅋㅋㅋ 
출장 가기 전 내자리에 놓고 가심 ㅋㅋㅋㅋㅋㅋㅋ
뭔가 용감하네
내 자리에 어울리네 ^______^*
노루 님 밥 사드리기로 했음 ㅎㅎ
(3)
재생 수
2
00:00 | 00:10
화질 선택 옵션
자동

🧸 (3)
소리 진짜 작게 주의 
일하고 있는데
갑자기 ..
팀장님 : 이 영상 봤나?
나 : 에...? 네...?
팀장님 : 가오리 간지럼 타는 영상 
가오리가 간지럼도 타니?
나 : 엥 ㅋㅋㅋㅋㅋㅋㅋㅋㅋㅋㅋㅋㅋㅋㅋㅋ(당황+웃음)
그나저나 내 웃음소리 후덜덜이네요 ㅎ ㅎ ㅎ 
내 일기에 마지막은
또 먹는고 !!!!!!!!!!!!
이거 먹어본 사람 
짱 맛있을 거 같아여 !!!!!!!!!!!
#스타벅스 #슈크림라떼 #계속나와줘
🧸🧸🧸🧸🧸🧸🧸🧸🧸🧸🧸🧸🧸🧸🧸
ㅎㅎㅎㅎㅎㅎ 빠이욤 
다음에 또봐요ㅎㅎㅎㅎㅎ"
"-
#Torriden
#다이브인저분자히알루론산마스크
#다이브인저분자히알루론산세럼
스킨케어는 미리써보고 싶은 제품이 있으면 꼭
캡쳐해놓고 제품 다쓰면 나중에 써보려고 하는데요
지금 화해에서 마스크팩과 같이 엄청 세일하고 있어요
👇🏻
이거보이세유? 원래 58-
쿠폰당장다운로드 그럼 19-
-
거의 이정도면 파격적인 가격아닙니꽈?
내돈내산으로 저도 당장 겟했찌유 
👇🏻
주의성분0 보이시죠?
넘 착한세럼 호호
마스크팩도 주의성분0
안살이유가 없네요 어쩜좋니
언박싱해보았어요 
마스크팩10장•세럼•샘플두개
샘플은 히알루론산크림과약산성폼클렌징
일단 투명하니 이쁘다 합격
화장품은 통도 이뻐야지 쓰고싶어유 
천연히알루론산색깔띄고있어서 연한 하늘색
열장 두둑하니 쟁여둡니다 
민감성피부는 일주일에 최대 2번정도만하세요 
속보습이 된다니  #수부지추천템 이네요
제가 써보니깐 단독으로쓰기까지는 약간 건조해서 
-
저는 자작나무 수분크림이랑 같이쓰고있어요
근데 한여름에는 이거 하나만 발라도 딱이겠어요 
워터타입처럼 세럼이 줄줄 흘러요 
발림성좋고 물처럼? 깔끔한 느낌의 에센스에요
세럼도 푸르딩딩하고 
병이 넘 가볍고 디자인이뻐요🧊
저분자 히알루론산이니깐 
흡수가 빨리됩니다 
/
고분자보다는 수분이 덜할수있지만
저분자는 피부 깊숙히 촘촘하게 흡수해요
제가 조아하는 아임프롬마스크는
 잠시 내려놓고 이걸 당장 써보고 싶네유 
by동백댁달님"
"몇 안되는 나의 기초템들을 공유하고자.....
거의 8-9개월 만에... 블로그 글을 써봅ㄴㅣ다...ㅋㅋㅋㅋ🤣😂
2020 초심 어디갔냐 무엇이든 기록하고자 했었던 나의 의지는 어디로......
저번주, 이번주 코로나가 최악의 상황까지 와버리고 일도안하고, 사람들도 안만나고 뭐 요즘 건강 앱 보면 200-300걸음... 그래도 집에만있는거치고 많이 움직이지않았나싶은데
먹는거는 뭐 2000-3000칼로리 되는거 같다. 
+TMI 
근데 나는 성격상 먹으면서 아 살찔면 어쩌냐, 다이어트해야되는데 이러면서 먹는거 진짜 싫어함.
맛있게먹고 복스럽게 먹고 (그냥 불평불만많은거 진짜 싫어하는 사람 = 나 ) 🤫 
클렌징 제품 먼저! 
*왼쪽부터 설명하겠슴
1. 티르티르 비타버블클랜저 : 데일리템은 아니구 화장 진하게 한 날 1차 (아이리무버)-> 2차 클렌징밀크 or 파우더클렌징 -> 3차 티르티르버블
얼굴전체에 도포해주면 1분도 안되서 버블들이 보글보글 올라옴 올라온 버블들을 손으로 마사지 하듯이 문지르면 끝 ! 
저게 노랑보라초록? 4가지 있던 것 같은데 내가 산건 미백라인임다. 뭔가 하고나면 찌든 화장이 거품들이 다 먹어줘서 깨끗해지는 느낌이라 좋아함. 
2. 라운드어라운드 그린티퓨어클렌징폼: 동생 친구가 쓰고 여드름 사라졌다해서 동생이 구매한템.
이름 그대로 엄청 퓨어하고 순함. (기분) 그래서 선크림만 바른 날은 👌🏻 but 파데바른 날은 🙅🏻‍♀️!
데일리 또는 아침에 쓰기 괜찮음 *소자는 아침에는 물세안만함
3. 오데어파우더 클렌져: #라네띠 에서 내돈내산한건데, 사장님이 예뻐서 좋아함... (+ 또 요샌이런게유행이라며~ 유행은 다 해본다^^) 
우선 성분 너무 좋고, 파우더 클렌져라서 자극 심할꺼같은데 폼보다는 정도가 있지만 파우더클렌져치고 자극 별로 없는거 같음 세정력도 괜찮고 들고다니기 괜찮은 사이즈라 3개 구매해서 하나는 비행파우치에 있음.
4. 순녹 클렌징 밀크: 화장한날 아이리무버 다음에 사용하는 제품. 얼굴전체에 클렌징밀크 바르고 물세안안하고 티슈솜으로 정말 살살 닦아냄 그 후 폼으로 2차세안. 
(원래 오일썼는데 <건성=오일> 하지만 밀크로 바꾸고 나서 잔여드름 사라짐....)
5. Obuizi 필링젤: 가끔 얼굴 안색 안좋으면 괜히 필링하고픔... ...2주에 한번 정도? 
일본템이라 구매하라고 ㅊㅊ하고싶진않다...
화장실에 두고 쓰는 기초템들
클렌징하고나서 바로 건조한거 싫어해서 토너는 화장실에서 바로 촵촵. 
(뒤에 X해둔건 아직 안써본거라 할 말 없어서 X 해둠  )
이것도 왼쪽부터 ->>>
1. 더랩바이블랑두 히알루론산 패드: 내가 여기 브랜드를 참 좋아함 쵸크쵸크하니 좋아함!
그냥 닦는 패드 처럼 생겼는데 닦토용으로 안쓰고 나는 피부상태 메롱일 때 3개꺼내서 볼 양쪽, 이마에 한 10-15 분 정도 팩처럼 사용! 화장잘먹!! 올리브영 세일 때 친구들에게 추천했는데 아무도 안삼... 하지만 나는 삼... 너네 추천해달라해놓고 그래라 ^^
*아래 모어벨라써있는건 그냥 안에다가 솜 보관하는 통임 ㅋㅋ
2. 티르티르 밀크스킨: 닦토용 아니고 이것도 수분 보충용 , 나 수분 진짜 중요시 생각하네 ? 모든 건성들 알잖아ㅠㅠ
3.  네이처리퍼블릭 히알론액티브10 토너: 내가 좋아하는 콧물토너~ 물같은거 말고 점성있는 토너라 너무 좋음. 그리고 기초는 아껴쓰는거 안좋아해서 흥쳥망쳥~ 솜에 묻혀서 닦아낸다. 아침저녁 데일리템
가격도 좋고 용량도 많아서 넘 좋음, 촉촉함 
예쁘게 두고 찍을 곳이 없어서 걍 침대 위에 차렷!
1. Dmck 부스터: 이건 매일 안쓰고 모델링팩이나 나름 고렴이 팩 할때 더 잘먹으라고 팩하기 전에 사용하는 부스터. 잘 스며든다는데 솔직히 잘 모르겠고 일단 샀으니 그렇게 하는중 
2. 토리든 다이브인 저분자 히알루론산 세럼: 올리브영 세일 때 1+1 해서 구매함. 겨울 보습 세럼이라지만 이거는 지성, 중성 들이 썼을때 보습이고 나같은 악건성은 아직도 목이 마르다!!!!! ㅋㅋㅋ겨울보다는 가을에 많이 쓸 듯
그래도 이것저것 많이 쳐발하는 나에게는 무겁지 않고 괜찮음 끈적임도 없고.
3. 더랩바이블랑두 세럼: 패드에 이어서 이 브랜드 세럼 젤 좋아함. 다이브인 보다 끈적거리지만  끈적=보습의정도로 보는 나에게는 괜찮은 만족감. 더 촉촉해서 좋다 끈적이지만 화장전에 써도 딱히 밀리지 않음. 
4. 미미엘 스피루리나 앰플: 인스타 셀럽이 판매함. 이런거 꼭 한번씩 써보고 좋으면 계속 쓰고 아니면 손절. 일단 런칭한거 써보고싶어하는.... 사람....... (물론내돈내산)
성분 좋아보임, 산뜻한 제형, 진정효과 괜찮음 ! 광 피부를 우ㅣ해서 사라는데 이부분은 젤 모르겠는데 일단 바르면 뭔가 피부가 꽉차는 느낌. 가격대는 세일기간 끝나면 비쌀꺼 같아서 세일 종료전에 좀 더 쟁일듯!
피부과 의사랑 만들어서 비싼가..무튼 좀 비쌈 ㅠㅠ 막 쓰긴 아깝고 향이 강한 편이라 아침에는 피할듯하다 저녁에 꾸준히 발라보겟쓰.
5. 디오디너리 나이아신아마이드10% + 징크 1%: 디렉터뷰티? 그 유튜버 그 분이 추천해주셔서 구매함.
가을겨울보다는 여름에 손이 많이 갈 것 같음.(절대 건조한건아님. 주기능 피지활동이 포커스 되어있는 제품이라 여름에 사용하면 더 효과가 크지않을까 하는 필자의 단순한 생각.)
비타민 제품들이랑 사용하면 안됨! 그래서 보통 비타민 앰플을 저녁, 요제품 아침 이런식으로 사용해야지 한번에 촵촵하면 앙댐!
6.키스킨 토탈 솔루션 앰플: 압구정갤러리아에서 대표님이 열심히 영업하셔서 미안한마음에 구매했지만 만족도 괜찮음 제품. 요제품 역시 수분템
7. 더마큐? 비타세럼: 유일한 나의 비타 미백 세럼. 재구매 할 생각은 없음. 피부 기초에서 미백이 제일 영업하기 힘든거 같다...
진짜 꾸준함이 중요한데 나처럼 화장품 이리저리 많은 사람은 모든 끈질기게 오래 못쓰는거같음 큰 효과 없었다. ㅠㅠ
8. 식물나라 프로폴리스 오일: 겨울철 나의 필수템. 앰플 크림 까지 다 바르구 위에 오일로 코팅막 막아줘야 자고 일어나도 촉촉하다. 요제품 오일인데 하나도 안끈적이고 라이트함 진짜 괜찮음. 가성비도 짱짱 (올리브영세일쟁임템)
9. 바버 수분앰플: 사실 바버 라인은 요제품만 있는건 아니고. 독일 크루샵이나 면세점에서 쟁임쟁임하는데 요근래 비행이 없기에... 지금 남은게 저 라인 하나밖에 없다... 저게 젤 좋다는건 아님
개인적으로 다른 라인들이 더 맘에 드는데 1월에 비행하니 구매해서 리뷰? 남겨보도록...노력하겠스ㅁ네다...ㅋㅋ,,,
또다른오일~
식물나라 오일이 조금 가볍다 라이트하다 라고 생각하시는 분들은 바비브라운 보비브라운 오일을 사용해보세요! (기초를 탄탄하게 했다 하면 식물, 좀 허술했다 좀 피부가 목이마르겠다 하는 사람은 바비로 )
바비브라운이라고 생각하는데 매번 라벨에는 보비브라운이라고 적혀있어서 나에게 혼란을 주는 바비브라운.
왼1. 센텔리안24 마데카 크림: 동생 협찬제품, 재생크림이런거 잘 안쓰는데 가끔 손이가는 템
오른1. 에스트라 아토베리어 365 크림: 하 ㅠㅠ 나의 최애템.... 🖤
이거 쓰고 티르티르 도자기 크림 손절함..
그냥 주절주절 쓰지않고 다들 한번 써봐주세요 자고일어나도 촉촉, 대신 나는 한겹 안바르고 얇게 두번 펴발~
왼2. 미미엘 스피루리나 크림: 아까 앰플이랑 세트로 산거임. 앰플이랑 같이 쓸 때 효과가 더 빛나는거 같음. 일단 향... 강하지만 제품은 마음에듬. 
오른2. 티르티르 글로시세라밤: 엄청 기름크림? 같은느낌 진짜 밤이라 얼굴에 다 쳐발은 안하고 비행할 때 건조한 부분에다가 더 발라줌. 너무 과하게 바르면 화장 밀릴 수도 있어서 광내고픈 부위에만 톡톡 소량만~ 그래서 양이 안준다 (비행을 안가서 안줄어드는건가?)
왼3. 자작나무 수분크림: 이건 라라블라에서 1+1하고 유튜버들이 많이 추천해서 과감하게 2통으로 시작했는데 알갱이가 좀 자극적이고 수분크림이라기엔 수분감이 나에게는 한없이 부족하다. 동생방에 일부로 둠..ㅋㅋㅋㅋㅋ 동생아 너가 좀 써라 ㅋㅋㅋ
오른4. 티르티르 도자기크림 100ml: 100ml는 면세템인데 요즘은 사이트에서도 파는것 같고? 사진에서 보이듯 공병이다... 예전같으면 겨울에 도자기크림으로 무조건 샀을텐데 아토베리어가 더 피부에 가볍고 보습력도 더 톡톡해서 이녀석으로 환승했다. 티르티르미안. 그래도 한동안 주변인에게 추천해주고 다님.
도자기100ml 공병만 3개째야 환승해도 아파하지 말아죠...... 
*아까 앰플 부분에도 있었지만 사실 혹했던건 저 다이아몬드 겔 아이패치
압구정 갤러리아에서 동생이랑 쇼핑하고 있다가 혹해서 구매한 템...
이 날 #키스킨 대표님이 나오셔서 판매하고 계셨는데 괜히 대표가 아니다 판매왕이다 했음...
근데 그렇게 산 제품들 보통 후회템이 많은데 
요브랜드 아이패치 괜찮은거같음 
그리구 내나이 이제 26다되어가니 내가 아이크림을 바르는 것도 아니라 이정도 관리는 해줘야하지 않을까해서 구매함! 근데 진짜 괜찮음!!!! 눈 주변 또는 팔자에다가 올려놔도 괜찮을듯!~
뒤에는 마스크팩. 겔타입 팩 참 좋아함 :) 
미스트, 간혹 픽서라는데 내생각엔 미스트임. 나 픽서 건조해서 싫어햠 
에스테덤 시티 프로텍트 미스트: 이건 내 기내 파우치템. 요 브랜드 은색이랑 금색있는게 은색은 집에 큰통으로 메이크업전에 뿌려주고 금색이 더 광나서 30ml 로 일할때 사용하구있다. 진짜 촉촉하고 분사력이 마음에드는 제품. 비행기에서 울팀 막내언니한테 왓츠인마이파우치~로 영업했다 언니도 사고 만족하...고있지????
쓰다보니 할 말도 많고 제품도 많고... 사용안하고있는 제품도 서랍에 많고...
그만쟁여야하지만 저는 맥시멀라이프입니다. 부족한것보다는 많은게 좋지 머ㅜㅓ...
이런 말 하면 동생은 또 과유불급이라나 뭐라나 또 그만하라하겠져....ㅎㅎㅎㅎㅎㅎ
뭐 #내돈내산 인데 ..니돈아니잖아 ^^യ!!!
좋은제품 주변에서 사고 좋다고 이야기하면 그걸로 나는 뿌듯해 그거면 충분해 
간단할 줄 알았는데 생각보다 시간이 걸렸네.....
고생했으니까 댓글이나 하투 눌러줘 그대들의 관심을 표현해달라우!
나이들 수록 피부가 중요혀중요혀ㅜㅜㅜ 이제 화장품에만 의존하면 안될 것 같은 느낌이다.. 근데 관리실 다니자니 뭐 그렇게까지 하나 싶기도 하고 𐌅𐨛𐌅𐨛 근데 그러나저러나 ~ 피부는 유전이다~ 타고나야한다~
결론은 타고나야한다.
타고나지 못하면 더 노력하자.......
세상에 모든 여자들....
아니 남자들도
화이팅 
! 
𖤐"
"엄청나게 오랜만에 돌아온 기초제품 리뷰타임
기초제품을 이것저것 사용하는걸 좋아해서 
열어 놓은(?)제품이 여러개라서
제품을 다써서 바닦을 보는게 오래걸린다
여름부터 최근까지 사용한 
제품들을 소개해볼까 한다
토리든 다이브인 저분자 히알루론산 세럼
50ml   22,000원
나름 유명한 제품으로
여름동안 정말 잘 썼던 제품이다
여름에 피지가 엄청 뿜뿜해서 
가벼운 수분 세럼 찾다가 구매한 제품으로
올리브영에서 세일할 때 구매했다
묽은 세럼 제형으로 가볍고
피부에 바로 쏙 흡수되는 느낌이라
좀 건조하려나 싶었는데
저-언혀 그런거 없이 
속에 수분을 채워줘서 
아주 만족스러웠던 제품
얼굴에 끈적거림이나 기름짐 없이
 뽀송한데 피부가 당기지 않는 
아주 신세계를 경험하게 해줘서
재구매 의사 매우×3있음!!
어퓨 산뽕나무 잡티 앰플
30ml  18,000원
여름이라 피부가 타는 느낌도 있고 
여드름 흉터가 자꾸 눈에 띄어서
미백제품을 사용하면 조금 나아질까 싶은
기대감을 가지고 구매했던 제품
물같은 제형으로 얼굴에 올리면 
주르륵 흐르는 제형으로
흡수가 빨라서 여름에 가볍게 
사용하기 좋았던 제품
결론적으로 여드름 흉터가 사라지는 기적은 일어나지 않았지만ㅠ
한병 다 사용할 때쯤 확실히 전체적으로
 피부톤이 밝아진 느낌은 들었다
사용하는 동안 트러블도 없고 가격도 그렇게 비싸지 않아서 가볍게 사용하기 좋아서
그리고 이어진 대용량 구매
저는 써보고 괜찮다 싶으면 대용량 구매해서 사용하는 습관이 있어서
재구매 의사 있음 아니 이미 했음
비플레인 시카풀 앰플2
30ml  23,000원
 여름이라 크림, 로션 제품보다 앰플, 에센스 
제품을 사용했다보니 앰플만 3통을 썼다ㅎ
이 제품은 화해에서 알게되어 
구매했던 제품이다
어퓨 산뽕나무 잡티 앰플처럼
물처럼 흐르는 가벼운 제형
화해에서 봤을 때 후기가 굉장히 좋았다
근데 사실 나는 한병 다 써도 그렇게 진정이나 트러블 완화에 효과를 느껴보지 못해서
그렇다고 수분감을 엄청 채워주지도 않아서
(토리든 제품이 더 수분감 있어서...)
굳이 사용할 의미를 못 느꼈던 제품이랄까...
역시 화장품은 사람 바이 사람 다른거니까
그래서
재구매 의사 없음
원씽 병풀 추출물
150ml   11,000원
랄라블라에서 6,600원정도에 
구매했던 것 같다
새롭게 들어온 제품인것 같아 구매해서 사용했는데 나름 괜찮았다
정말 100%어성초 추출물만 들어있는 것 같은?
흐르은 물 제형이라 솜에 적셔서
스킨팩으로 활용했다
듬뿍 적셔서 한 10분 올려 놓으면
 피부 열감도 줄어들고 붉은기도 
많이 가라앉혀 줘서 좋았다
+ 약간 한약 같이 몸에 굉장히 좋을것 같은
풀냄새가 나는게 특징인데
호불호가 갈리겠지만 나는 허브향 느낌이라 좋았다
재구매 의사 있음!! 
휘게 릴리프 선 모이스춰라이저
50ml  26,000원
선크림도 기초제품이라 생각하기 때문에
선크림 공병템도 소개해볼까 한다
이 제품은 올리브영에서 보고 
구매했던 제품으로 세일할 때 18,000원 
정도에 구매했다
이 제품은 정말 선크림 같지 않은 
제형을 가진게 특징이다
그냥 수분크림 바르는 것 같은 느낌을 준다
코로나 때문에 피부화장은 거의 안하고 선크림만 바르고 다니고 마스크 써서 습기차서
끈적거리고 묵직한 제형의 선크림 말고
좀 다른 제품을 찾다가 구매했는데
진짜 신세계!!
솔직히 선크림 바른 것 같은 
느낌이 전혀 안들어서 
자외선 차단이 되는걸까 
의심스러울 정도
진짜 제품을 사용해 봐야 
무슨 말인지 이해할 수 있을 것이다
그래서
재구매 의사 매우×2있음!!
여름에는 가볍게 사용하기 위해 수분제품
특히 앰플만 사용했는데 이제 벌써 추워지는 계절을 대비할 때가 된거 같다
이제 또 다시 기초 제품을 바꿀 때가 된 것 같은데
좋은 제품있으면 추천 해주세효...ㅎㅎ"
"오랜만에 공병 후기 남긴다.
혹시나 모르고 미래의 내가 또 쓸데없이 소비할까봐 남기는 공병일기
피부타입: 복합성, 여름에는 유분이 많음
안 버리고 내버려 뒀더니, 이만큼이나 쌓여있다. 
왼쪽부터 순서대로 크레이브뷰티 말차 햄프 하이드레이팅 클렌저, 더마리프트 인텐시덤 리치 토너, 이니스프리 청보리 필링 토너, 토리든 다이브인 저분자 히알루론산 세럼, 크레이브뷰티 그레이트 배리어 릴리프, 크레이브뷰티 오트 쏘 심플 워터 크림
작년에 갑자기 스킨케어 제품 가짓수를 줄여보자는 생각이 들어서, 클렌저, 토너, 크림만 사용했었다. 그리고 피부에 대한 관심을 좀 줄이고 싶은 마음도 있었고.
그런데 너무 무리하게 스킨케어 다이어트를 해서 그런지 아니면 이제 피부를 더 신경써줘야 할 나이가 되어서 그런지 조금 부족한 느낌이 있어서, 최근에는 다시 내 피부에 맞는 스킨케어 방법을 찾으려고 하는 중이다.
먼저 가장 사용한지 오래된 더마리프트 인텐시덤 리치 토너
이 제품은 올리브영에서 1+1으로 구입해서, 한 통 열심히 쓰고, 두번째 통을 비우다가 내 피부에 너무 무거운 느낌이어서 마지막엔 건성인 동생이 사용했다.
물스킨인데 뽀얀색의 토너이고 보습은 잘 되었지만, 내 피부에는 답답한 느낌이 들어서 겨울이었는데도 불구하고 즐겁게 쓰지 못했다. 그리고 스킨케어 제품은 웬만하면 그 때 그 때 사서 쓰는게 좋다는 생각을 했다. 이 제품 용량이 295 ml 인데 정말 혼자 한통 비우려니까 너무 오래 걸려서 힘들었다. 이 제품을 재구매는 하지 않을 생각이고, 만약에 산다면 더마리프트의 중지성용 제품을 살 것 같다.
그리고 최근에 든 생각인데, 엘지생활건강 기초 제품이랑 내 피부랑 궁합이 별로 좋지 않은가 하는 생각도 들었다. 내 기분 탓인가? 주로 아모레퍼시픽 계열사의 제품을 많이 쓰다보니 그런 생각이 드는 건가..
나의 인생 브랜드
다음으로는 크레이브뷰티의 말차 햄프 하이드레이팅 클렌저, 그레이트 배리어 릴리프, 오트 쏘 심플 워터 크림
정말 크레이브뷰티는 내 인생템이 되지 않을까? 말차 햄프 하이드레이팅 클렌저(120ml, 16000원) 를 쓴 이후로 다른 클렌저는... 정말 쓰기가 힘들어졌다. 줄여서 말차 클렌저라고 한다면, 정말.. 진짜 .. 이 클렌저로 세안하고 나면 정말 하나도 안 당긴다. 진짜 촉촉하게 욕실에서 나올 수 있다. 물론 오래 보습을 안해주고 있으면 피부가 건조해지긴 하지만, 욕실에서 스킨케어하러 가는 그 동안만 안 당기면 나는 괜찮다고 생각한다. 그리고 세안 할 때 너무 부드럽다. 정말 피부에 무리를 주지 않고 클렌징하고 있다는 느낌! 얼마전에 다 썼는데, 재주문을 고민하고 있었다. 오프라인에서 당장 살 수가 없어서.. 어쨌든 샘플로 받은 다른 클렌저를 쓰고 너무 충격 받았다. 거품내서 얼굴 씻고 물로 거품을 씻어내는 순간 당기는 그 느낌... 정말 오래전에 느꼈었는데, 너무 당겨서 충격받고 바로 말차 클렌저 주문했다.. 아마 앞으로 내 피부에 알맞은 클렌저를 찾겠다고 이것저것 사보지는 않을 것 같다.
이렇게 괜찮은 클렌저가 있는데 왜 굳이?
그리고 그레이트 배리어 릴리프는.. 정말.. 그냥.. 보조개념으로 쓰라고 설명되어 있었지만, 이거 하나만 발라도 너무 좋다. 속보습까지 신경써줘서 귀찮을 때는 그레이트 배리어 릴리프만 바르고 잤다. 40ml 28000원이면 살짝 비싼 것 같기도 하지만.. (왜냐면 할인이 없으니까..) 근데 너무 좋아서 안 살 수가 없는 세럼이다. ㅡ공식홈페이지 가서 다시 보니까 이제 45ml이다. !! 용량이 늘다니 !! 행복ㅡ 세럼인데 나는 그냥 크림으로 쓰고 그렇다. 흉터나 기미, 잡티 같은 것도 옅어지게 해주고 피부에 굉장히 잘 먹어서 말차 클렌저 사면서 재주문했다. 작년 겨울 즈음 다 썼는데, 조금 시간 지나고 나서 사용해보는거라 써보고 후기를 추가해야겠다.
마지막으로 오트 쏘 심플 워터 크림 (80ml, 28000원) 이 제품은 기대했었는데, 기대만큼 못 미쳐서 조금 아쉬웠다. 정말 진짜 기본인 수분크림. 그래서 구입했던 당시가 출시되고 얼마뒤인 가을겨울?이었는데 겨울에는 보습을 다 해주지 못해서 바르고 나서도 건조함을 느꼈다. 예전에 잘 사용했던 리얼베리어 익스트림 크림을 정말 잘 사용했던지라, 이 제품은 그에 비해 가벼운 느낌을 줬다. 아마 오일을 좀 섞어서 사용했으면 좋았을텐데 그때는 스킨케어도 소홀했었기 때문에 아쉽게 기억하고 있는 것 같다. 사용한 계절도 그렇고! 그래도 흡수도 잘 되고 성분도 괜찮아서 봄여름에 쓰기엔 적절했을 것 같고, 요즘은 세럼같은 종류에 관심이 많이 가서 사용하는 중이라 가지고 있는 세럼이나 오일을 한두방울 떨어트려 같이 사용하면 훨씬 좋을 것 같다. 뭐 순서대로 따로 발라도 좋고. 크레이브뷰티엔 항상 관심이 많은지라 가지고 있는 크림을 다 사용한다면 재구매할 것 같다. 정말 기본인 수분크림이라 내가 갖고 있는 세럼과 조합해서 썼을 때 어떨지 궁금하기도 하고.
아, 그리고 제일 중요한건 크레이브뷰티의 대표님?이신 리아유님의 경영철학이 굉장히 마음에 들기 때문에 응원하고 있다. 점점 환경이 나빠지면서, 환경을 보존하고 함께 공존하는 것에 대한 생각과 관심이 많아지는데, 무분별하게 새로운 제품을 생산하기 보다 꼭 필요한 제품을 생산한다는 생각이 지금 시대에게 필요하다는데 공감했기 때문이다. 소비자로서 책임감있는 소비를 해야할 것 같다. 그리고 제품력도 좋고. 그래서 크레이브뷰티가 오래오래 함께 할 수 있기를 바라고 있다.
비페스타 립앤아이리무버
눈화장을 자주 안해서 다 쓰느라 고생했다. 이것도 1+1 행사할 때 사서, 엄청 오래 썼다. 그리고 클렌징할 때 클렌징워터 있으면 따로 사용하기 귀찮기도 하고.. 그래도 잘 지워져서 좋았다. 다음엔 좀 소용량으로 사야겠다. 너무 용량이 크니까 오래 두고 써야하는 점이 별로.. 
토리든 다이브인 저분자 히알루론산 세럼
이건 동생이 사다둔건데 올리브영에서 1+1 행사할 때 샀다고 했다. 둘이서 쓰니까 금방 줄어들었다. 여름이 되고 날씨가 너무 더워져서 모공이 커진 것에 스트레스 받았는데, 토리든 세럼으로 매일 수분 꽉꽉 채워주니까 다시 줄어들었다. 피부엔 역시 수분이 중요한가보다. 흡수도 빠른데 대신 손에 살짝 끈적임이 남는다. 개인적으로 스킨케어 하고나서도 손 씻는 사람으로서 그건 좀 아쉬웠다. 여름동안 2통 열심히 다 쓸 것 같다.
마지막으로 지난달인가 이니스프리 행사때 사서 한달여만에 비워버린 이니스프리 청보리 필링 토너
할인해서 9천원 정도 준 것 같다. 여름에 수분감을 살짝 주고 싶어서 토너 고민하다가 그 때 할인하던 이니스프리에서 주문해봤다. 각질에도 도움이 된다고 해서 피부결이 좀 좋아질까 기대하는 마음으로 주문했는데, 생각보다 극적인 효과는 볼 수 없었고, 수분감 있는 토너 였다. 그런데 수분감을 더 주고싶어서 2겹 바르면 어김없이 따가움이 느껴졌다ㅠ 나는 그냥 물토너 써야하는 사람인가보다. 그리고 향이 살짝 달달한향이 났는데 (더샘 그린티 클렌징 워터 비슷한 향) 개인적으로 좋아하지 않는 향이었다. 그래도 여름에 산뜻하게 지성피부가 쓰기에 괜찮았고, 깔끔한 토너였다. 동생이랑 같이 금방 한 통 비워서 다행ㅎㅎ재구매는 하지않을거다. 이니스프리에 공병 가져가서 적립해야겠다. 이니스프리는 이런 부분이 좋은 것 같다.
이것저것 쓰다보니 매우 길어진 것 같은 공병후기/공병일기/공병기록 끝
#내돈내산 #공병일기"
"12월 올영 세일을 맞이하여 올영 알바가 추천하는 
올영 추천템
올리브영 세일은 11월 30일~12월 6일
(사용감은 개개인에 따라 다를 수 있습니다)
실제로 구매해서 써 본 제품이 대부분이라 지극히 개인적인 내돈내산 추천 픽
라운드어라운드 그린티 약산성 에센스 토너, 로션
우선 이 스킨 로션은 가격도 비교적 저렴한 편
그린티 성분이 들어간 약산성 스킨, 로션이라
민감한 피부 진정에 좋아서 여드름 있는 피부에도 사용하기 좋음 학생들이 무난하게 사용하기 부담 없는 제품이라 고객님들한테 추천도 많이 했던 상품
(나도 쓰는 상품, 최근엔 고등학생인 동생한테도 선물해 줬음)
토리든 다이브인 저분자 히알루론산 세럼
이 세럼은 진짜 진짜 강추
올영 처음 입사했을 때 같은 메이트 분의 추천으로 사서 써본 건데 속건조 진짜 잘 잡아준다 일반 히알루론산 들어간 제품이랑 다르게 이 세럼은 저분자 히알루론산을 사용해서 가격대가 좀 있는 편이라 세일 때 꼭 쟁여놓으시는 걸 추천함
꿀팁𖤐기획 제품도 세일함
(기초 제품 잘 안 쓰는 내가 이걸 한통 다 비우고 두통째 쓰는 중)
아이소이 아크니 닥터 1st 스피디 스팟
이 제품은 진짜 급하게 뾰루지를 가라앉힐 때 유용했다
여드름 부위에 바르는 응급 스팟
피부 뒤집어져서 우울했는데 이거 바르고 여드름 패치까지 붙인 다음 자고 일어나니까 가라앉았던 적도 있었다
하지만 용량에 비해 가격대가 좀 높은 편...
아이소이 아크니 닥터 1st 스피디 마스크
근데 매장을 둘러보다가 이 제품으로 나온 마스크팩이 있었다 그래서 이 마스크팩 쟁여놓고 피부 뒤집어질 때 한 번씩 사용한다 
이 제품도 하나에 5000원이지만 지금 세일해서 3000원임
어반디케이 메이크업 픽서
이건 워낙 유명해서 다들 알겠지만 여름에만 쓰던 픽서를 요즘엔 자주 쓰게 돼서 한 통 다 비웠다 나 같은 사람은 12월에 기획 제품으로 나왔으니 꼭 쟁여두시길 추천하는 제품
특히 요즘같이 매일 마스크 쓰는 시국에 화장하면 마스크에 엄청 묻는데 이거 뿌리면 잘 안 묻음 꿀템이다
클리오 킬커버 픽서 쿠션
클리오에서 새로 나온 쿠션인데 이 쿠션에 어반디케이 픽서까지 쓰면 마스크에 아예 안 묻는다
이 쿠션 자체도 마스크에 잘 안 묻기는 하지만 묻긴 묻더라...  그래도 다른 쿠션들에 비하면 마스크에 잘 안 묻어나는 쿠션이다 이름부터 픽서 쿠션으로 마스크 노리고 나온 제품, 이름에 맞게 매트한 쿠션이다
단점은 케이스 재질 때문인지 쿠션 겉 부분에 쉽게 자국이 남는다
(물티슈로 닦으면 지워지긴 한다)
롬앤 제로 쿠션
이 쿠션은 모공 커버가 짱이다
피부 표현도 예쁘게 된다
이 제품도 어반디케이 픽서랑 쓰면 클리오 쿠션만큼은 아니지만 픽서 덕에 마스크에 잘 안 묻는다 이건 세미 매트 쿠션이다
클리오 킬 브로우 오토 하드 브로우 펜슬
우리 매장에서 제일 많이 팔리는 아이브로우를 꼽자면 얘다
아이브로우로 유명한 슈XXX 저렴이 버전이라는 말이 많다 (같은 공장에서 생산된다고 들었음)
이것도 하나 다 쓰고 새 거 쓰는 중... 그리고 새 제품 하나 더 쟁여놨다
원가는 2만 원으로 다른 브로우들에 비해 가격이 좀 있는 편이다 그래서 꼭 세일할 때 사는 걸 추천한다
롬앤 제로 매트 립스틱
기존 제로 매트 립스틱에서 리뉴얼 된 제품이다
다른 립스틱에 비해서 지속력도 좋고 발림성도 좋았다
이 색상은 여쿨인 나에게 찰떡이라 여쿨 분들한테 추천
☆핑크 샌드, 레드 서퍼☆
단점이라면 사용하면서 케이스에 립스틱이 잘 묻는다는 점?
투 쿨 포 스쿨 아트클래스 바이 로댕 쉐이딩
이것도 국민 템이라 유명해서 다른 부가적인 설명은 생략
최근에 쿨톤을 위한 쿨톤 쉐딩 색상도 나왔는데
기존에 붉은 기가 살짝 돌아서 사용하지 않았던 쿨톤들은 2호 모던 색상 써보길 추천
+)☆페리페라 브이컷 쉐딩 2호도 쿨톤 쉐딩으로 추천☆
에뛰드 래쉬 펌 컬 픽스 마스카라
올영에서 많이 팔리는 마스카라를 꼽자면 클리오 마스카라, 페리페라 마스카라가 많이 나가는 것 같다
페리페라 마스카라는 개인적으로 잘 지워지지도 않고 뭉침이 싫어서 손이 안 가더라...  하지만 워터프루프가 꼭 필요할 땐 좋을 것 같다
클리오는 써보진 못했지만 1+1 기획으로 나와서 그것도 추천
에뛰드 마스카라도 같은 메이트 분 추천으로 사서 써봤는데 잘 뭉치지도 않고 클렌징이 어렵지도 않아서 무난하게 잘 쓰고 있는 중이다 속눈썹까지 파워 직모인 난데 쳐짐도 별로 없어서 좋았다
픽서랑 뷰러 기획으로 나와있는 제품도 있으니 세일 때 꼭 사시길 추천
라네즈 뷰러
뷰러는 라네즈 뷰러 추천
개인적으로 시세이도 뷰러보다 좋았다
파워 직모 속눈썹을 한 번에 올려준 제품... 처음 사서 써봤을 때 짱짱하게 너무 잘 올라가서 진심으로 감탄했다
세일 가격으로 11500원이니 세일 때 사세요
크리니크 치크 팝
이건 세일할 때 무조건 사야 한다...
겁나 여리 여리 수채화 같은 블러셔라 좋았다
전 색상 갖고 싶을 정도로 예쁜 블러셔지만 가격이 비싸서 세일할 때 사야 되는 제품 중 하나
올리브영 케어플러스 상처 커버 스팟 패치
그동안 써 본 여드름 패치들 중에 제일 괜찮았던 제품
붙이고 있어도 자연스러워서 티도 잘 안 난다
이거 붙이고 올영 근무했던 날이 있었는데 내가 붙인 거 보더니 티가 하나도 안 난다며 사 가신 고객님도 계셨다
같은 제품인데 노란색으로 된 건 보습 기능이 추가된 제품
노란색도 좋았는데 내가 살 때 노란색은 할인을 안 해서 기본으로 샀다 세일 땐 둘 다 할인합니다
헤어플러스 단백질 본드 오일 에센스
헤어 오일 바르고 나면 손에 남는 그 끈적거리는 느낌을 진짜 싫어해서 아예 안 바르고 살았는데 이 제품은 바로 보송해진다 끈적거리는 거 싫어하는 사람은 이거 매장에서 한 번 테스트해보시길 바란다 괜찮으면 꼭 사세요
포레스트 스토리 슈퍼하드 워터 스프레이
헤어스프레이인데 워터 스프레이라 뿌리고 나서 머리 떡지는 게 덜하다 근데 고정력은 그냥 헤어스프레이랑 비슷함 얼굴에 미스트 뿌리는 것처럼 머리카락에 살짝 뿌리면 됩니다 같은 제품인데 무광 표현되는 제품이랑 향기 나는 제품도 있으니 참고할 것
필리밀리 메이크업 브러쉬&퍼프 클렌저
이거는 저번에 샘플로 작은 거 하나 받아서 써봤는데 브러쉬 세척이 너무 잘 되길래 본품으로 하나 구매했다
파운데이션 브러쉬를 하얗게 만들어줬던 제품
+) 필리밀리 V컷 파운데이션 브러쉬 사세요 겁나 좋음
마녀공장 퓨어 클렌징 오일
화장 겁나 잘 지워지는 클렌징 오일 원탑
블랙헤드 제거에도 좋기로 유명한 클렌징 오일
지금 1+1 기획에 19900원 합니다 꼭 사세요
닥터지 브라이트닝 필링 젤
보통 얼굴 필링 제품은 물기 없는 얼굴에 사용해야 되는 경우가 많은데 이건 물기 있는 상태로 사용해도 돼서 편함
피부에 자극도 많이 안 가서 괜찮았던 제품
라운드어라운드 그린티 약산성 클렌징 폼
올리브영 3대 클렌징 폼이 비플레인 녹두 클렌징, 라운드랩 독도 클렌징, 라운드어라운드 그린티 클렌징 제품이다 이번에 어워즈 기획으로 셋 다 1+1에 할인까지 하고 있으니 쟁여놓으시길 추천
이 제품은 여드름 피부에 사용해도 괜찮은 약산성 클렌징 폼
무난하게 사용하기 좋은 클렌징 제품이다
가격도 착해서 학생들이 부담 없이 사용하기 좋은 제품
온더바디 발을 씻자 코튼 풋 샴푸
이건 발 샴푸라고 발 씻을 때 발에 뿌려서 씻는 제품인데 여름에 많이 애용했던 제품이다
자몽 향, 레몬향, 쿨링 이렇게 3가지 종류로 있다
양도 많아서 편하게 오래 쓰는 제품
+ 온더바디 발 각질 벗자 풋 필링 스프레이라고 분홍색 제품 있는데 발 각질 제품 중에서는 그게 젤 좋았다 이 제품도 추천
찾으시는 상품 있으면 말씀해 주세요~!
이 외에도 이번 세일 때 추천하고 싶은 올리브영 꿀템들이 참 많은데 너무 많아서 다 못 쓰겠다... 
궁금한 거 있으면 댓글에 물어봐 주세요
아는 선에서 열심히 답변드리겠습니다 •͈ᴗ•͈ 
며칠 안 남은 올영 세일 꼭 놓치지 마세요ꯁ -올영 알바생-"
"개인적으로 화장품의 가성비와 성분이 너무 중요해서 정리해봤는데요, 혹 누군가에게 도움될까 싶어 올립니다.
#복합성 #민감성 피부 기준으로, 시드물, 올리브영, 보나쥬르 세 군데 것 정리했습니다.
참고로 스킨케어는 3단계면 된대요. 클렌징 이후에,
1. 피부결, 노폐물 정돈 - 화장솜+토너로
2. 수분 채우기 - 세럼/앰플/에센스 등등 이 중 하나로 속당김 잡기
3. 유분으로 막아주기 - 위 수분 채워준 것이 날아가지 않게, 로션/크림 등 유분 있는 것으로.
위 단계는 어떤 피부 타입이든 다 해당돼요.
암튼 최소한으로 필요한 것만 찾아봤으니 참고해주세요. 
*노란색으로 표시된 부분이 가성비 제일 좋은 화장품이에요.
<시드물>
상품명
용량ml
가격
g당 가격
토너/스킨
웰빙 녹차 스킨
150
4300
28.6667
수분/세럼
알로에 에션셜
165
8900
53.9394
크림/로션
아토로션
200
7800
39
선크림
민중기 무기자차 썬크림
50
16400
328
클렌져
카카두 아미노
500
17800
35.6
#시드물 은 유튜버 디렉터 파이님의 클렌징 편을 보다가 알게 되었는데요, 
가성비, 성분 모두 너무 너무 좋아서, 현재 사용하고 있는 화장품 다 쓰면 써보려구요.
후기도 꼼꼼하게 다 읽어봤는데 거의 다 좋았어요.
시드물의 가성비는 어디도 못 따라갈 듯 해요.
시드물 사이트: http://www.sidmool.com/
시드물 네이버스토어: https://smartstore.naver.com/sidmool
시드물 : 네이버쇼핑 스마트스토어
오리지날 자연주의 피부의 고향 시드물 www.sidmool.com
smartstore.naver.com
시드물
시드물-피부의 고향
www.sidmool.com
<올리브영>
상품명
용량ml
가격
g당 가격
토너/스킨
더랩바이블랑두 올리고 히알루론산 5000토너
500
25500
51
수분/세럼
토리든 다이브인 저분자 히알루론산 세럼
50
16200
324
크림/로션
싸이닉 더 심플 데일리로션
260
15300
58.8462
선크림
라운드어라운드 그린티 시카선로션
100
15000
150
클렌져
라운드어라운드 그린티 약산성 클렌징폼
400
21500
53.75
#올리브영 
위 표는 2020년 11월 24일 현재 올리브영 홈페이지에서 세일하고 있는 가격을 적었습니다~
용량도 증정용 용량까지 포함한 거에요. 최대한 성분과 가성비 좋은 제품 찾아서 써봤어요.
#라운드어라운드 #그린티시카선로션 #내돈내산
디렉터 파이님이 추천해주신 가성비도 좋고 성분도 좋은, 매일 쓸 수 있는 선로션.
지금 쓰고 있는데 처음에는 살짝 뭐가 올라오려고 하다가 지금은 하나도 안올라오고 잘 쓰고 있어요.
가성비도 좋고, 데일리로 쓸 수 있고, 로션 제형이라 백탁도 중간 정도고 무겁지 않아서 좋아요. 
앞으로 계속 쓸 예정이에요.
(라운드어라운드 클렌징폼도 사용 중인데, 나쁘지 않지만, 가성비와 성분이 더 좋은 시드물로 갈아탈 예정이에요.)
올리브영 사이트: https://www.oliveyoung.co.kr/store/main/main.do?oy=0
올리브영 공식 온라인몰
대한민국 NO.1 헬스&뷰티 스토어 OLIVEYOUNG
www.oliveyoung.co.kr
<보나쥬르>
상품명
용량ml
가격
g당 가격
토너/스킨
아크 그린티 스킨
150
7500
50
수분/세럼
프로폴리스 세럼
100
19000
190
크림/로션
그린티 워터밤
100
16000
160
선크림
무기자차 데일리 선크림
35
18000
514.286
클렌져
그린티 폼클렌징
150
8500
56.6667
#보나쥬르 는 제가 구글창에 '천연화장품'을 검색해보고 알게 된 곳이에요.
#천연화장품 #비건 #내돈내산 #프로폴리스세럼 #그린티워터밤 
지금 6개월 이상 사용하고 있는데, 처음 딱 쓸 때부터 -아 이건 피부가 안올라오겠다-바로 느껴질 만큼 좋았어요.
여드름 피부는 아니지만 민감 피부고, 뭐가 자꾸 조금씩 나서 신경쓰였는데,  
보나쥬르 프로폴리스 세럼이랑 그린티 워터밤 사용하고 없어졌어요. 꿀피부 유지 중에요.
가격도 나쁘지 않고 후기도 좋아요. 
그런데..시드물이 너무 저렴하고 좋아보여서 다 쓰면 갈아타볼 생각입니다..ㅎ
보나쥬르 사이트: https://www.bonajour.com/index.html
비건 천연화장품 보나쥬르
천연화장품 보나쥬르 공식몰. 국내최다 비건정식인증! 가입시 10%할인쿠폰지급! 착한성분을 담은 화제의 화장품들을 체험해보세요.
www.bonajour.com
이상 간단히 공유해보았습니다~
다들 좋은 화장품 싸게 구입하셔요~
-LHJ-"
"오늘은 지난 공병일기 포스팅에 이어 요즘 사용하는 스킨케어 제품 이야기를 해보려고 한다.
혹시 궁금해 하시는 분들이 계실까봐 공병일기 링크 :)
스킨케어 공병 정리하면서 남기는 공병일기(더마리프트,이니스프리,크레이브뷰티,토리든)
오랜만에 공병 후기 남긴다.혹시나 모르고 미래의 내가 또 쓸데없이 소비할까봐 남기는 공병일기피부타입: ...
blog.naver.com
피부타입: 복합성, 여름엔 유분 많음, 요즘 뾰루지 많이 남
전문가가 아니므로 참고만 해주세요
8월이 벌써 이만큼이나 지나갔다. 피부는 계절을 한철 앞서 느낀다고 하던데, 돌이켜 생각해보면 4-5월 즈음 부터 피부에 크림을 바르는 게 답답하게 느껴지기 시작했다. 그 때 당시에 사용하던 크림은 네이처 리퍼블릭 수분크림(지성용).. 예전에 잘 사용했던 기억이 있어서 올 여름을 맞아 지성용으로 다시 구입해봤는데, 빠르게 흡수되지 않고 답답해서 8월인 지금은 아예 사용을 멈추었다. 아래는 요즘 사용하고 있는 스킨케어 제품들. 매일 피부 상태에 따라서 다르게 조합해 보느라 제품이 많이 늘었다.
요즘 사용하는 제품들
예전에는 피부 상태를 크게 신경쓰지 않고, 사다둔 제품만 사용했는데ㅡ이렇게 제품군을 고려해서 구입하지 않고 그냥 보습만 신경씀ㅡ 최근에 미세먼지도 그렇고 마스크를 사용하게 되면서 피부가 예민해져서 진정용 제품이나 특별한 케어를 위한 제품이 필요하다고 생각해서 조금씩 구입하다보니 이렇게나 많아졌다. 크게 스킨케어 카테고리를 나누어 보자면, 그냥 기본용, 수분/진정용, 특별 케어용으로 나눌 수 있을 것 같다.
1. 기본용: 이니스프리 브로콜리 클리어링 토너, 이니스프리 그린티 씨드 에센스 인 로션
2. 수분/진정용: 토리든 다이브인 저분자 히알루론산 세럼, 코스알엑스 퓨어핏 시카 토너, 코스알엑스 퓨어핏 시카 세럼, 크레이브뷰티 그레이트 배리어 릴리프
4. 특별케어용: 크레이브뷰티 케일라루야, 코스알엑스 바하 블랙헤드 파워 리퀴드
아, 그 전에 제일 중요한 클렌징 제품부터 써야지.
0. 클렌저: 크레이브뷰티 말차 햄프 하이드레이팅 클렌저, 데쌍브르 퓨어 사이언스 엔자임 필 파우더 젠틀 클렌저, 한스킨 클렌징 오일 앤 블랙헤드 파하PHA
매일 잘 사용하고 있는 크레이브뷰티 말차 햄프 하이드레이팅 클렌저, 지난 공병일기에서 크레이브뷰티 제품들에 대해 자세하게 썼기 때문에 손가락이 아프지만.. 요약해서 써보자면, 정말 세안하고 나온 다음에 하나도 당기지 않는 내 인생 클렌저. 거품도 잘 나고 피부가 당기지 않아서 너무 좋다. 피부에 무리없이 씻어내 주는 내 인생 클렌저! 
더 자세한 내용은 공병일기를 참고해주세요:)
스킨케어 공병 정리하면서 남기는 공병일기(더마리프트,이니스프리,크레이브뷰티,토리든)
오랜만에 공병 후기 남긴다.혹시나 모르고 미래의 내가 또 쓸데없이 소비할까봐 남기는 공병일기피부타입: ...
blog.naver.com
아침에 유분이 과하게 많다 싶을 때 잘 사용하고 있는 데쌍브르 퓨어 사이언스 엔자임 필 파우더 젠틀 클렌저, 이 제품은 한창 각질과 블랙헤드로 고민할 때 검색하다가 알게 된 제품인데, 추천하신 분이 아침에 사용하라고 언급하셨던 기억이 있어서 아침에만 사용하고 있다. 요즘같이 더운 날은 주 2~3회 정도
한동안 쓰지 않다가 최근에 사용하고 있는데, 확실히 각질관리가 되는 것 같고, 블랙헤드는 워낙에 깊이 있어서 효과는 없었다. 그래도 매일 저자극 각질제거로 충분히 만족한다. 내 블랙헤드는 정말 피부과에 가서 여러번 압출 받아야하는 모양이다. 이 제품도 사용후에 많이 건조하지 않아서 잘 사용하고 있다. 다 쓰면 재구매 할 것! 인데 다른 효소 클렌저도 한번 알아볼 예정이다. 아침에만 가끔 사용하다보니 구입한지 오래 되었는데도 아직까지 용량이 남아있다. 좋은건지 안 좋은건지? 패키지가 조금 바뀐 것 같다.
한창 열심히 화장하고 다닐 때 클렌징오일로 세안하면 화이트헤드들이 잘 제거되어서ㅡ그 때는 이니스프리 애플씨드 클렌징오일을 사용했었다ㅡ 오랜만에 사본 클렌징오일! 한스킨 클렌징오일&블랙헤드. 최근에 집 주변의 화장품 매장이 없어져서 접근성이 높은 올리브영에서 제품을 많이 사고 있는데, 마녀공장 클렌징 오일과 고민하다가 한스킨 클렌징오일을 사봤다. 종류가 세종류가 있었는데, 동생도 같이 사용할 것을 생각해서 제일 순하다는 파하로 선택했다.
예전에 클렌징 오일 사용하던 만큼 화이트헤드 제거가 잘 되는 것 같지 않아서 아쉬운데(뭔가 문지르면 피지들이 튀어나오는 느낌이 없음) 유화도 잘 되고, 잘 씻기지 않은 잔여물 때문에 뾰루지가 생긴다거나 하지 않아서 만족하면서 사용하고 있다. 다음번에는 다른 종류를 구입해 볼 것 같다. (세상엔 제품이 너무 많으니까!)
제품 분류는 용도별로 해놓고 다음에 소개할 제품은 토너! 세안하고 바르는 순서대로 사진을 찍어버렸다.
아까 용도에 따라서 구분을 했는데, 코스알엑스는 진정용 이니스프리는 기본용으로 사용하고 있다.
최근에 이마, 미간, 볼, 턱에 뾰루지가 종종 생기는데 코스알엑스 퓨어핏 시카 토너 사용 후 시카 세럼을 듬뿍 올려주고 자면, 다음날 제법 가라앉아 있어서 진정 기능을 잘 하는구나 싶다. 사실 처음에 시카 라인을 발랐을 때는 따가운 느낌도 들고 흡수도 느리고 조금 오래 두드리다 보면 열감도 올라와서 나랑 안 맞는 제품이 아닐까 생각했는데, 사용한지 2주 정도 지난 지금은 따가움은 느껴지지 않고 뾰루지 진정에도 효과를 보여서 만족하고 있다. 얼마전 코스알엑스에서 약 50%정도 할인할 때 사서 뿌듯하다. 사진에서 보다시피 완전 물토너는 아니고 점성있는 제형에 향은 살짝 허브느낌? 건강한 향이 난다.
이니스프리 브로콜리 클리어링 토너는 무난한 토너인 것 같다. 전에 사용했던 이니스프리 청보리 필링 토너는 많이 바르면 따갑고 향도 마음에 들지 않았는데, 브로콜리 토너는 살짝 허브느낌의 향에 제형도 많이 무겁지 않고 물같은 토너고, 세안 후 피부결 정돈 겸 닦아내는 토너로 적합하다고 생각한다. 수분감도 느껴져서 만족하고 있다. 산뜻한 느낌보다는 촉촉한 느낌. 하지만 150ml, 8000원 이어서 용량이 작고 금방 쓸것 같다. 근데 오래 두고 쓰는 것 보다 금방 비우고 새로 살 수 있는 게 낫다고 생각한다. 
토너로 세안후 피부를 정돈하고 바르는 건 세럼이다. 귀찮으면 바로 로션이나 크림을 바르고 마는데 여드름이 나거나 수분이 부족하거나, 흉터가 걱정되면 이 세가지를 번갈아가면서 바른다.
먼저 점성이 있는 코스알엑스 퓨어핏 시카 세럼
투명한데 점성이 있는 세럼이다. 뾰루지 올라온 부분에 듬뿍 얹어서 흡수시키거나, 얼굴 전체에 바르고 자면 한결 진정되는 것을 볼 수 있다.(이틀정도 발라야하는 경우도 있다.) 시카 세럼 바르고 크레이브뷰티 그레이트 배리어 릴리프를 바를 때도 있는데 바르고 난 직후 둘의 궁합(발림성)이 좋은 것 같지는 않았는데 다음날 확연히 가라앉은 뾰루지를 볼 수 있었다. 손에 끈적하게 남는걸 별로 좋아하지 않는데, 시카 세럼은 흡수시키려고 두드리다보면 손에 찐득하게 들러붙는 느낌이 든다. 그래도 흡수 시키고 나면 괜찮은 것 같기도... 피부가 흡수를 잘 하는 건지 진정에 효과를 봤다. 피부 안색이 맑아지거나 장벽이 강화되는 점은 아직 잘 모르겠다. 한통 다 쓰면 느낄 수 있으려나?
피부가 건조하다 느껴질 때 수분감 주고 싶어서 사용하는 토리든 다이브인 저분자 히알루론산 세럼
흡수가 빠른 편이고 한창 건조해서 모공이 커지고 늘어져 보일 때 효과를 봤다. 모공이 커져보이는 건 수분이 부족하기 때문이라는 글을 봐서 신경써서 토리든 히알루론산 세럼을 발라주고 난 후에 눈에 띄게 모공이 작아졌다. 여름에는 더욱 수분을 신경써야한다는 걸 깨달은 점.. 모공이 커져서 고민이신 분들은 수분감을 채워보시길.. 토리든 세럼은 가격도 저렴해서 더 좋은 것 같다. 동생은 1+1으로 구입했다고 하니 올리브영에서 기획으로 나오는 때를 잘 살펴서 구입해보시기를 추천한다. 나도 히알루론산 다른 대체품 못 찾으면 계속 구입할 것 같다. 생각난 김에 물도 마셔야지.
마지막 세럼은 말하기도 입아픈 (아니 손가락 아픈)  크레이브뷰티 그레이트 배리어 릴리프
정말 몇통째 쓰고있는 지 모르겠다. 나는 기미나 잡티도 흐려지게 해주고, 피부도 건강하게 해줘서 이제는 없이 못 살 것 같은 인생템이다. 여름에 이거 하나만 바르니까 건조하긴 한데 ㅡ선풍기나 에어컨때문에ㅡ 어쨌든 좋아하는 세럼
그리고 요즘 크림대신 바르고 있는 이니스프리 그린티 씨드 에센스 인 로션
이니스프리 청보리 필링 토너 사면서 같이 샀던 제품이다. 이니스프리 그린티 씨드 세럼을 잘 사용했어서 로션 타입이라길래 여름에 크림대신 가볍게 쓰는 용으로 구입해봤다. 향은 그린티 세럼 향이랑 같고 수분감 있게 발린다. 내가 토너ㅡ세럼ㅡ로션 순으로 세겹 발라서 그런지 흡수가 빨리 되는 것 같지는 않다. 그리고 바른 직후에는 촉촉하고 수분감 있지만 밤새 수분을 가둬두기에는 가벼운 타입이라 조금 아쉽다. 가을겨울에 로션 바르고 크림타입까지 발라주면 괜찮을 것 같다. 용량이 100ml라서 꽤 넉넉하게 사용할 것 같다.
마지막으로 각질, 화이트헤드나 블랙헤드를 관리하기 위해 구입한 특별케어용 크레이브뷰티 케일라루야, 코스알엑스 바하 블랙헤드 파워 리퀴드
매일 사용하지는 않고 눈에 띄게 화이트헤드 올라온 날이나, 블랙헤드가 눈에 띄는 날 사용한다.
먼저 크레이브뷰티 케일라루야
이 제품은 산지 조금 되었는데, 한동안 사용하지 않아서 제법 남아있다. 피부에 각질이 많게 느껴지거나 화이트헤드가 눈에 띌 때 화장솜에 묻혀 톡톡 두드려 발라주고 나면 다음날 화이트헤드가 꽤 정돈되는 걸 볼 수 있다. 가끔 피부 상태가 안 좋으면 오히려 더 뾰루지가 올라오는 것 같기도 하고? 화학적 각질제거제가 스크럽하는 것 보다 낫다고해서 사용하고 있는데 사용한 다음날 피부가 매끈해지는 것 같기는 하다. 근데 요즘은 예전만 못한 것 같은데 제품이 오래되어서 그런가?🤔 어쨌든 하나 있으면 좋은 것 같다. 얼른 다 쓰고 새로 하나 사둬야겠다.
마지막으로 코스알엑스 바하 블랙헤드 파워 리퀴드
얼마전 코스알엑스 할인할 때 샀던 제품. 근데 공홈 들어가보니 이제는 단종되었는지 찾아 볼 수가 없다. 요즘 피부가 예민해서 듬뿍 사용할 수 없어서 (그리고 처음 아하나 바하 사용할 때 농도가 낮은 것부터 피부가 적응할 수 있게 해야한다고 함) 자주 사용하고 있지 않은데ㅡ화장솜에 묻혀서 블랙헤드 있는 부위에 톡톡 두드려줌ㅡ내 블랙헤드에는 별로 효과가 있어 보이지 않는다..ㅠㅠ.. 효과적인 방법을 좀 찾아봐야겠다. 피부과밖에 답이 없는 것인지...
이렇게 20200819 요즘 사용하고 있는 스킨케어 제품들이다. 혹시 뭔가 추가할게 생긴다면 열심히 써 보고 추가해야겠다.
제품이 많아서 쓰느라 생각보다 너무 오래걸려버렸다ㅠ..
혹시 이 글을 보시는 분들께도 도움이 되었길...
#스킨케어"
"않이 ;; 토너만 챱챱해도 번들거리는 미친 여름의 수부지는 괴롭다...
눈물의 내돈내산 인증 ㅠㅠ
 올영에 저만큼 갖다 바친 미친 인간의 스킨케어 리코딩 !!!!!!!!!!!!!!!
써보고 찐 좋은 거만 !!!!!!!!
ㅋ 현타 ㅠ
그나마 올해는 작년보다 나은 거 같아 다행이다..,,
클렌징
지희님이 이번 생일날 선물해 쥬신 고~~~~~~
위글위글 실리콘 페이스 클렌저 6종 모음
판매처
올리브영
가격
38,000원
위글위글 실리콘 페이스 클렌저
아주 매일매일 잘 쓰고 있다
세균대장 손으로 문대는 거 보다 더 나은 거 같애
거품이 덜한 약산성 클렌저도 
저 진동으로 하니까 쫀쫀하게 거품도 난다 !!!!!!!
아침에 얼굴 부었을 때도
세안하면서 붓기 빼고
강약도 조절 가능
아주 굳
지희님 감사해여><
#위글위글 #진동클렌징기기 #위글위글실리콘페이스클렌저
바이오더마 센시비오 H2O 850ml
판매처
올리브영
가격
36,000원
[해외직구] 바이오더마 크레알린 H2O 더마톨로지 물티슈 25매
판매처
CJmall
npay_available
가격
17,440원
바이오더마 센시비오 H2O
나의 사랑 너의 사랑
바이오더마 센시비오 클렌징 워터!!!!!!!!!!!
진짜 개좋음 이 클워는
그냥 말이 필요없고
세상 모두가 써야한다
남녀노소 건성 지성 말할 거 없고 그냥 짱
성분 단 10개!!!!!!
바이오더마 자체 성분 다프? 이게 뭐 피부장벽 강화해준대
미세먼지도 99프로인가 맞나 암튼 제거해주고
유럽에서는 2차 세안 개념이 없어서
사실상 이거 잘 닦기만 해도 클렌저가 필요 없다고..
그래서 만취하면 ㄹㅇ 이걸로만 닦고 잠
저 옆에 티슈는
같은 워터가 티슈형으로 되어있는 건데
작년 4월인가 들어왔다가
조낸 비싸가지고 ㅋㅋㅋ 한국에선 안먹혀서
눈물 흘리며 퇴장...
이제 직구로 밖에 못 삼
역시 좋거든? 외박할 일 있으면 하나 딱 챙기기도 좋구?
근데 재구매의사 없음
존내 비쌈 클티 주제에 ㅉㅉ
하지만 바이오더마. 사랑합니다.
#바이오더마 #바이오더마클렌징워터 #바이오더마센시비오
너무 슬프지만
인생 클렌져는 못 만났다..
지금 폼클 다써가는데... 
다음은 뭘로 쓸지 벌써 고민임 ㅠㅠ
미스트
라로슈포제 세로징크 세범 컨트롤 토닝 미스트 [150ml]
판매처
올리브영
가격
17,000원
라로슈포제 세로징크 세범 컨트롤 토닝 미스트
이거 내 여름 필수템인데 왜 인기 없는지 몰겟음 ㅋ
우리 매장에서만 인기 없는 걸지도ㅠㅠ
안개분사는 아니다
샤워기처럼 나옴.. 촥!촼!!!!
근데 어차피 피부 열 올랐을 때 뿌리기 때문에 ㄱㅊㄱㅊ
난 이런 게 더 좋던데??????
번들거림을 눈에 띄게 잡는 건 아니지만
일시적으로 피부 온도도 낮추고
심각한 얼굴 상태가 되는 걸 어느정도 방지해주는 듯
2년 째 잘 사용 중,,
아까도 줄넘기 한바탕 뛰고
얼굴 벌게져서
저거 촤아아ㅏ아아악 뿌렸다 ㅎㅎ 짱!
#라로슈포제 #라로슈포제세로징크 #수부지미스트 #여름미스트
보타닉힐 보 더마 인텐시브 판테놀 크림 미스트 55mL
판매처
올리브영
가격
10,000원
보타닉힐 보 더마 인텐시브 판테놀 크림 미스트
나는 수부지라 여름철에 이걸 데일리하게 상시 사용은 못하고
치덕치덕 바르기 짱날 때나 아침에
크림 생략하고 뿌림
아주 액체 주제에
크림처럼 촉촉하고 말이야 어이업슴 ;;
겨울에는 진짜 자주 사용 했다
개좋아 ㄹㅇ 
이거 쓸 때 속건조 느껴본 적 없음
판테놀도 들어가 있다고 해서 믿고 쓴다
이건 솨아아아아아 안개분사라서
아주 고급진(?)느낌이 남..
이건 써본 사람만 아는 표현인데..
진짜 비싼 미스트 쓰는 거 같은 느낌임
ㅋㅋㅋㅋㅋ
#보타닉힐보 #크림미스트 #시카판테놀미스트
토너
셀리맥스 어성초 바하 지우개 필링 패드
판매처
올리브영
가격
10,000원
셀리맥스 어성초 바하 지우개 필링 패드
와 요즘 내 최애 토너 패드 !!!!!!!!!!!!!!!!!!!
토너 패드는 절대 다른 계절엔 안쓰고
여름에만 쓴다 자극적이라잖아
여름에는 나는 피지 각질 대장이기 때문에 어찌할 도리가 없음
필링젤은 더 싫단 말야 ㅠ
바하 BHA 성분은 묵은 각질 케어에 효과적인 성분이다
어성초는 찬 성질로 피부 열감을 잡고 진정에 효과적이다
이 두 개가 들어가있다니..
말 다했잖슴,,? ㅠㅠ
앞은 엠보싱이고 뒤에는 거즈면이라서
엠보싱으로 전체적 삭 닦고 거즈로 티존 마무리해주면 됨
거즈 너무 아프고 싫으면
몸에다가 하면 됨
가드름 등드름 케어 쌉가능 ㅇㅋ?
다 써가서 슬픈 완소템..
셀리맥스 이 자식.. 노니로 돈 많이 벌 때부터
성공할 브랜드구나 싶었다!!!!!!!!!!!!
#셀리맥스 #지우개패드 #각질패드
브링그린 사철쑥카밍밸런스토너270mL
판매처
올리브영
가격
15,000원
브링그린 사철쑥 카밍 밸런스 토너
이건 졔님이 추천해주신 내 포스팅 프로 단골러 추졔님..
가성비 오져버리는 토너~~~~
내가 사랑하는 약산성
진정 성분도 있고
왕저려미라서 스킨팩으로 탈탈 써도
부담이가 없다
와 개좋다;;;;는 아니지만 
이 가격에 이 정도 퀄이면... 이런 건 브링그린밖에 못할 듯
#브링그린 #브링그린사철쑥 #사철쑥토너 #진정토너
출처: 인터넷 바다 어딘가..
[[공식판매처]] 젠틀 토닝 로션 200ml 기획 #민감진정 #핑크토너 (100ml 증정)
판매처
올리브영
가격
19,440원
아벤느 젠틀 토닝 로션
누가 지금까지 토너 중 너의 1등 모야?
물어보면
아묻따 핑크토너라고 함
개.조.음
근데 지금은 유목하면서 다른 좋은 거 발견 중이라
안쓰고 있어서 사진이 없다 줍줍해옴
이것도 추졔님이 추천해주신 건데
진짜 개ㅐ애애ㅐ애애좋음
 밑에 칼라민 파우더(핑크색, 진정 성분) 깔려 있어서 흔들어서 쓰는 건데
이 파우더 덕분에 닦토 할 때 각질케어도 되고
파우더 입자가 작아서 모공케어도 해준다,,
지금 아직 개봉 안한 토너들만 다 써보고
새로운 정착 실패하면
아닥하고 다시 이걸로 복귀 예정..
#아벤느 #아벤느핑크토너 #젠틀토닝로션
에센스/세럼
바이오더마 하이드라비오 에센스 로션+하이드라비오 H2O 100 증정 기획
판매처
올리브영
가격
23,040원
 바이오더마 하이드라비오 에센스 인 로션
이것도 그냥 온 지구인들이 다 써야함
개좋기때문이다..
걍 물처럼 생긴 주제에
바르면 피부가 쫀쫀해지는 게 바로 느껴짐 ;;
너무 좋아서 좀 더 써보자면
하이드라비오 라인은 바이오더마의 수분 라인인데
피부 속 히알루론산의 활성화를 돕는다
피부 수분길을 터줘서 온 피부에 수분이 그득그득하게 도와줌
그 중에서도 이 에센스는
미백효과도 있고 부스터 효과도 있음
부스터 효과는 다음 단계의 스킨 케어 효과를 극대화해주는 효과임!
그래서 겨울철에나
나같이 자주 각질 케어를 안해줘도 되는 인간에게
세안 직후 퍼스트 에센스로 강춫춫추추ㅜ추ㅜㅊ 강추!!!!!!!!!!!
나도 일케 습하고 더워지기 전에는 미스트 용기에 덜어서
욕실에 두고
세수하고 바로 챡챡 뿌렸다
안타까운 점은 여기서 더이상 열리지 않아
덜어 쓰기 아주 귀찮고 아주 힘들고
아주 질질 흘리고
^^ 그렇다는 거
바이오더마 선생님들에게 바라는 점: 용기 덜어쓸 수 있게 해주세요
바이오더마 입사할래 사랑해욤
#하이드라비오 #하이드라비오에센스 #수분에센스 #히알루론산 #속건조
보타닉힐보 더마 인텐시브 시카 판테놀 앰플 50ml 대용량
판매처
올리브영
가격
23,040원
보타닉힐 보 더마 인텐시브 시카 판테놀 앰플
아까 판테놀 미스트랑 같은 라인인 앰플이고
이건 내가 세 통을 비운 찐템이다
나같은 시카처돌이는 꼭 품어야하고
민감 건성러들도 품어야함
판테놀 성분이랑 시카 (센텔라아시아티카)성분이
빠방하게 들어가 있어서
닉값을 제대로 하는 완소템이다...
오렌지 함량이 3%인 그런 오렌지 주스랑은 다르다는 것이다...
단 제형이 쫀쫀쓰해서
새 거 하나 놔두고 아직 안텄음!
날이 차지면.. 나의 번들거림이 잦아들면 다시 만나자....
#시카판테놀앰플 #시카앰플 #진정앰플 #건성앰플
아벤느 이드랑스 리하이드레이팅 세럼 50ml
판매처
올리브영
가격
26,600원
아벤느 이드랑스 리하이드레이팅 세럼
이건 어쩌다 써본 세럼인데
짱신기
개쪼끔 발라도 속부터 촉촉해져
이드랑스가 피부 수분이 날아가지 않게
끌어 잡아주는 아벤느만의 기술이라고 하던데..
찐이었나봐,....,,, 
겨울엔 세럼 단계에 맞게 썼지만
요즘은 크림 생략하고 저거 바르고 끝내기도 한다
너무 귀찮아.. 제형도 어차피 에멀젼이야.. 괜찮을 거야....
#이드랑스 #속건조세럼 #아벤느세럼
토리든 다이브인 저분자 히알루론산 세럼 50ml
판매처
올리브영
가격
16,200원
토리든 다이브인 저분자 히알루론산 세럼
이건 최근 환절기 때 1+1 기획을 슬이가 샀다가
한 통 나한테 선물 해준 거다
그 때 한창 속건조가 생겨가지고..
저분자 히알루론산이라 함은
입자가 작은 히알루론산이라는 건데
말그대로 입자가 작기 때문에
빨리 스며들고 피부 안쪽까지 도달한다
=속건조에 효과적
슬이는 건성이라서
한 번 바를 때 생각보다 많은 양을 써야 촉촉함을 느꼈다고 한다
나도 이걸 쓰고
속건조가 잡혔긴 했는데
이걸 써서 그러는 건지.. 다른 스킨케어 제품 덕분인 건지..
그래도 본 목적은 달성했으니 !
이 가격에... 이 정도면 가성비템 ㅇㅈㅇㅈ
그래도 이만큼 남았다ㅠㅠ
지금은 이런 저분자 히알루론산.. 딱히 필요없는데
화장품 다 안쓰고 버리는 게 너무 많아서
존버하면서 쓰고 있다.....
#토리든 #토리든다이브인 #토리든세럼 #수분세럼
바이오더마 세비엄 나이트 필 40ml
판매처
올리브영
가격
23,200원
바이오더마 세비엄 세럼
지금은 단종되고(왼쪽 튜브형) 
나이트필로 리뉴얼됨(오른쪽 펌핑형)
저거는 개따갑고
필링하고 나서 바르면 ㅈ댐 개아픔
데일리템 아님
글고 낮에 바르면 안됨
그래도 난 좋았던 게,
저거는 세안 하고 마른 얼굴에
토너 없이 저거만 바르는 건데
바르고 기다리면
각질들히 하얗게 올라온다 !!!!
그게 눈에 직접 보여서 신기하고 아주
속이 다 시원해버려
저거 바르고 자면
막 온 얼굴에 침자국 묻은 것처럼 된다ㅋㅋㅋㅋㅋㅋㅋㅋ
피지들 많은 부분은 더 하얗고
안 그런 데는 덜 하얗고
신기하다
가끔씩하면
피부결 정돈이 손으로 만져져서 좋은 듯
#각질케어 #지성세럼
크림
바이오더마 세비엄 매트 컨트롤 30ml
판매처
올리브영
가격
18,900원
바이오더마 세비엄 매트 컨트롤
이것도 2년 째 쓰고 있는
여름 필수템...
이거 없음 화장 못함
베이스랑 아이라이너 같은 거 지속력 80배됨 리얼로다가
제형은 크림 안같고 
줄줄 물처럼 흐르는 촉촉스 제형인데
피부에 펴바르면
진짜 갑자기 뽀송해지면서 맨들해짐
롸????????????
광나고 촉촉한 베이스 전 필수템이고
요즘 마스크 땜에 눈화장만 하는 노파데 메컵 자주하는데
그런 날 안바른다?
그럼 하루종일 속상해버려
쌩얼이어도
습한 날 밖에 오래 있으면
개기름 때문에 피부 답답해지는 느낌이
확실이 덜 하다
이건 저번 생일날 민서한테 선물 받고 
광명찾고
ㅋㅋ
올 여름에도 새 거 하나 쟁였다
#지성크림 #프라이머 #여름철크림
바이오더마 시카비오 포마드 40ml
판매처
올리브영
가격
22,000원
바이오더마 시카비오 포마드
이건 100ml 올영 단독이 훨씬 쌈
너무 꾸덕해서 여름에는 가끔씩 수면팩으로만 쓰지만
여름 빼고는
주구장창 쓴다
저거 바르고 자고 일어나면
피부가 도자기처럼 매끈하고
쫀쫀해지더라ㅠㅠㅠㅠㅠㅠㅠㅠㅠ
피부 개좋아보임
파데 개잘먹음
과하게 필링하거나
블랙헤드 제거 해서 피부 자극받은 날
진정시키는 데에 짱이다
하루하루 조금씩 나아지는 게 아니라
그냥 하루만에 나아져서 너무 신기햌ㅋㅋ
ㅋㅋㅋㅋㅋㅋㅋㅋㅋㅋㅋㅋ 
저번 가을에는 막 니트 입기 시작할 때
피부가 놀래서
팔 접히는 부분 빨갛게 올라오고 그랬는데
저거 바르니까 바로 나아졌다
진짜로.
#시카비오포마드 #피부손상 #수면팩
브링그린 티트리 시카 수딩 크림 100mL+40mL한정기획
판매처
올리브영
가격
16,000원
브링그린 티트리 시카 수딩 크림
브링그린 신상 티트리 라인~~~~~
브링그린 역시 믿고 쓰는 가성비 템
시카비오 포마드가 줬던 그
아침에 일어나면 쫀쫀해지는 그 느낌을
이거 발라도 받음ㅎㅋ
티트리 덕분일까? 생리 때 좁쌀 파티도
어느 정도 잡아주고
용량도 괴물이고
존나 싸고
#브링그린티트리 #티크리크림 #여드름관리 #좁쌀여드름
센텔리안24 마데카크림 파워부스팅 기획
판매처
올리브영
가격
29,000원
클루시브 컨디션 릴렉싱 크림 스페셜 세트 80ML
판매처
올리브영
가격
26,000원
센텔리안24 마데카 크림 파워부스팅 포뮬라
클루시브 컨디션 릴렉싱 크림 스페셜 세트
사진으로도 홀쭉한 것이
내 애착크림 너낌이 낭낭한 두 가지 크림
동국제약 저 크림은 제형은 이상하게 생각보다
산뜻한데
보습 오져서 놀랐다
이것도 어쩌다 썼는데 개좋았던 거라 ㅋㅋ
잘은 모르지만 손상 피부 개선은 확실히 있는 거 같고
냄새는 진짜 너무너무너무너무너무 구리지만 
제형이랑 발림성이랑 마무리감이랑 다 좋고
무엇보다 시카비오 포마드가 너무 꾸덕해서 쓰기 싫을 때
대체할 수 있는 거라고 생각하기에...
클루시브 저 크림은
내가 좋아하는 유튜버님이 제작에 참여해서
AHC랑 콜라보한 크림인데
팬심으로 사용했지만 ㅋㅋㅋㅋ
저렴한데 엄청 순하고 화장도 안밀리고
진정효과도 있는 거 같다
저기도 어성초 들어가있고
칼라민파우더 들어가있음 (그래서 살짝 핑크끼가 있다)
저것도 시카비오 포마드 대체품 쌉가능...
결론: 바이오더마 짱.
#에바크림 #동국제약 #센텔리안24 #클루시브 #어성초크림 #진정크림
터지기 일 보 직전인 귀여운 내 민트 화장품 박스로 포스팅 끗."
"안녕하세요.
오늘은 따끈따끈하게
몇일 전 구입한 앰플을 소개해드릴까 해요.
#내돈내산
기분 좋은 택배 뜯기 전!
오늘의 포스팅 주인공은 바로
#화해 어플에서 너무나 유명한
#비플레인 #시카풀앰플 입니다!
#BEPLAIN #CICAFULAMPOULE
저는 화해 어플에서 12월 할인으로
1개 9,900원에 구매했어요.
용량은 30ml입니다.
유리병이라서 뭔가 더 안전한 느낌^,^
그리고 피부 진정에 최고인
병풀 추출물이 84% 라고하네요. (wow)
한 손에 쏙 들어오는 크기*-*
원래 쓰고 있던
토리든 - 다이브인 저분자 히알루론산 세럼 과
크기 비교!
(토리든도 진짜 좋은 수분 앰플이죠 @^@)
그럼 이제 발라볼게요!
물과 콧물 사이..? 바르기 편한 제형
슝슝 잘 발립니다.
바른 직후 *.*
발림성은 아주 좋았어요!!
향도 은은하게 나고 good!
지금 제 피부가 볼 쪽에
트러블이 심하게 나있어서
진정 효과를 팍팍 주려고
3번 레이어링해서 바르고 흡수시켜줬는데
완전 찹쌀떡 같은 쫀쫀한 피부가 되었어요.ㅋㅋ
끈적임이라기보단
쫀쫀함이 딱 알맞은 표현 같아요@_@
출처 - 화해 어플리케이션
토리든과 1~2위를 다루는 시카풀앰플!
둘 다 사용해본 저로선
둘 다 애정 합니다... ♥
출처 - 화해 어플리케이션
성분은 뭐, 말해 뭐해
당연히 주의 성분 0개!
다음날 확실히 붉은기가 가라앉고
3번 발라서 그런지 당김도 전혀 없었어요!
개봉일 꼭 적어줘야 하는 거
잊지 마세요 ;)
성분도 좋고 무난무난하게
피부 진정시켜주는 비플레인 시카풀앰플 추천합니닷.
그럼 안뇽!
비플레인(BEPLAIN) - 시카풀 앰플 *재구매 리얼 후기
안녕하세요! 오늘은 두 달 전쯤 포스팅했던#비플레인 #시카풀앰플 을 재구매해서또 후기를 써볼까 해...
m.blog.naver.com"
"내 피부에 대해 먼저 설명하자면
‘악건성&민감성&얇은피부’
노화에 최적화된 피부라고나 할까....
(세안 후 기초바르러 가는 동안 벌써 당김. 악건성인들은 이해하시리ㅠ)
요즘 마스크 쓰고다니느라
화장 안해도 피부가 더 민감해 지는거 같다
(신천지 썅.....)
헤어부터 얼굴, 바디까지 건성이고
심지어 팔은 어릴때부터 아토피가 있다
아토피는 스트레스 상태에 따라
특히 기온이 급변하는 환절기에 심해지는 편이고
불행중 다행으로 얼굴이나 직접적으로 보이는곳에
아토피가 심한편은 아님.
화장품은 좋다는거 이것저것 다 써보는편이다.
쉽게 질려하는 성격 때문이기도한데
요즘 정착해서 쓰는템을 간략히 소개하려고 한다.
왼쪽 뒷줄부터 차례대로
*더랩바이블랑두 올리고 히알루론산 5000 토너
* 더랩바이블랑두 히알루론산 카밍+크림
*닥터지 필라그린 베리어 크림(민감건성)
*마녀공장 히알루론 화이트닝 아이세럼
*토리든 다이브인 저분자 히알루론산 세럼
*마녀공장 비피다 콤플렉스 앰플
*마녀공장 갈락토미 나이아신 에센스
가격은.... 선물받은것도 있고 올영에서 행사할때 사는 경우가 많아
명확히 기억은 나지 않는다
(홈페이지 참고하시면 좋을거 같아요)
저 중에 내돈내산 정말 매일 쓰는템은
더랩바이블랑두와 토리든, 그리고 닥터지!
마녀공장껀 그때그때 피부 상태에 따라 씀
그럼 차례차례 소개를 해본다
먼저 토너!
완젼 물토너다
일단 자극은 전혀없고 바르면 쿨링감이 느껴지는편
그 전에 한통을 다 비우고 두번째 쓰는건데
이것도 절반정도 쓴 상태
요렇게 토너팩하기 좋은 화장솜에
촵촵촵 !듬뿍 적셔서 한번 닦아내고 
몇장 더 적셔서 마스크때문에 민감해진
볼따구와 턱에 척! 붙여놓으면
확실히 진정되는 효과를 본다 
이 제품 토너팩이 통에든걸로 따로 나오던데
다음엔 그걸 사봐야 겠음
자 넥스트,(뷰티템 리뷰는 정말 어렵구나 -_-;;)
토너 후 바르는 세럼
복합 히알루론산과 저분자 어쩌구 저쩌구....
머 줄여보자면
히알루론산 입자크기따라 저, 중, 고분자로 나뉘는데
저분자가 젤 작아서 피부 속까지 성분이 잘 들어간단다.
그리고 판테놀 성분이 진정효과가 있단다. 
요정도로 이해하면 될 것 같다. 
악건성이지만 끈적거리거나 너무 무거운건 싫어하고
가벼운건 뭔가 발라도 발라도 메마른 느낌이라
유튜브, 블로거, 인터넷 폭풍검색하다
속건조를 잡아준다는 평이 좋아 구입. 
일단 난 무조건 첫번째 기준은 순한화장품이어야 한다
일단 그 기준에 통과였고
무겁지도 않게 촉촉해서 만족중!
요롷게 스포이드 형식으로 되어있고
적당히 묽은편
첨 펴바르면 야간 미끄덩거리는 느낌이 있는데
히알루론산 특유의 질감이라 한다
그래도 차분하게 촵촵 몇번 두드리면 금새 흡수됨
저렇게 두번을 펌핑해서 발라주면 세럼 끄읕!
마지막 크림!
원래 장벽크림을 알아보다 닥터지를 먼저삼
보시다시피 거의 다씀
같은크림이 민감건성용과 지성용 두가지로 나온다
일단 적당히 되직한 제형에 촉촉한 편이고
장벽크림인만큼 자극은 1도없다
근데 나한텐 바를땐 촉촉한데
잘때쯤되면 뭔가 속까지 촉촉한 느낌이 안들어
한겹 또 바르고 잠듦.
(앞에 말했듯이 악악건성이다)
보통 피부이신 분들은 충분할지도!
뭔가 보습에 아쉬운감이있어
새로 뭘 살까 고민하다 산템이
‘더랩바이블랑두 올리고 히알루론산 카밍크림’
(뭔가 숨차다)
토너살때 같이 있던 샘플 크림이 괜찮기도 했고
성분도 통과!
후기들도 괜찮아 올영에서 테스트 후 구매
결론은 완젼 잘쓰고 있음ㅋㅋ
무겁지도, 겉돌지도 않는 적당함이 맘에든다
튜브형이라 깔끔하게 나오고
흰새그이 흔한 크림제형
아침저녁으로 이렇게 세가지단계를 마친 후 선크림 바르면 끝!!!
세가지 다 재구매 의향 있음
일단 효과는 둘째치고
민감해서 아무거나 못쓰시는 분들께는
한 번쯤 추천해 본다 
후기 끝,,,!!!,
(후기 쓰기 너무 어렵군화)"
"[올리브영세일] 스킨케어 (페이셜 케어+클렌징+마스크팩) 상품 구매후기
택배 여는 시간은
언제나 즐겁죠!
요즘은 화장할 일이 별로 없어서
기초 제품만 구입했어요
제가 
이번에
구입한 제품은
듀이트리 AC 컨트롤 딥 마스크 10P
토리든 다이브인 저분자 히알루론산 세럼 1+1 기획세트
마녀공장 퓨어 클렌징 오일 200ml
2가지 제품은
제가 원래 사용했던 제품이고
클렌징 오일은 
이번에 처음 구매해봤어요
[온라인 단독] 듀이트리 AC 컨트롤 딥 마스크 10P
세일 기간 02.01 - 03.08 
판매가 30,000 원
세일가 15,000원 
제가 마스크팩을 
쓰면 뾰루지가 올라오는 타입인데
이 제품은 뾰루지도 생기지 않고
진정도 시켜줘서
애용하는 제품이에요
가격은 싼 편은 아니지만
가끔 온라인에서
할인 판매를 
할 때 
쟁여놓는답니다.
흐트러지지 않게
팩을 붙일 수 있는
하얀 게 있어서
쉽게 붙일 수 있고
시트지는
그린 시트로 
되어있답니다.
혹시 구입하고 
싶으신 분 있으면
3/8일 전까지
세일가로 
판매하고 있으니
얼른얼른
서두르세요
토리든 다이브인 저분자 히알루론산 세럼 1+1 기획세트
18,000 원
이 제품은
제 블로그를
보신 분들은 알겠지만
올영체험단으로
당첨되어서
무료로 
사용해본 제품이에요
제 피부가 
예민한 편이라
맞지 않는 제품을 사용하면
금방 얼굴에 
뾰루지가 올라오거든요
그런데
이 제품은
화해 1위 제품답게
제 걱정을 싹 없애준 
제품!
그 당시에
수분감을 채워줄 수 있는
제품들을 찾아
유목민 생활을 했었는데
토리튼 세럼을 쓰고
정착하게 되었다는 소문이
체험단으로 쓰고 있던 게
거의 공병이 되어가고있어서
올영 세일 기간에
살펴보았는데
이번에
1+1 행사를 하길래
재빨리 구매했답니다!
한 개의 가격으로
2개를 왕이득 !!
토리든 세럼 강추 강추해요
마녀공장 퓨어 클렌징 오일 200ml
판매가 19,900원
쿠폰 적용가 16,900원 ( 적용 기간 20.02.07 -20.03.01)
이 제품을 사기까지
몇 달을 고민하다가
드디어
구입을 했어요
예전에
이 제품 말고
다른 제품
클렌징 오일을 쓰다가
뾰루지가 나서
클렌징 워터를 쓰고 있었거든요
그런데
점점 코는
딸기코가 
되어가고
보고 있을 수만은 없어
여러 후기들을
살펴보고
구입하게 되었답니다.
뒷면을 보면
천천히 뜯는 부분이 있는데
따라 뜯으면
짜란~
제품 등장!!
위쪽에는
사용기간이 적혀있네요
짠!
용기는
리뉴얼 되었다고
하더라고요
이 제품은 제가 한 달? 두 달 동안
써보고
후기 남기러 다시 돌아올게요
올영 쇼핑 후기 
끝!"
"내가 살면서 유일하게 돈주고 산 마스크팩
마스크팩을 별로 좋아하지않아서 잘 안썼는데 우연히 써보고 괜찮아서 직접 사서써봤다. 
사기는 작년에 샀는데 잘 쓰다가 임신하는 바람에 (임신중에는 미백 화장품 금지라해서) 한동안 안쓰다가 최근에 꺼내서 써봤다.
장점은  피부결 개선과 피부톤 개선 (맑아지는 느낌) 그리고 유해성분이 없다. ☆ 
단점은 완전 물같은 제형이라 줄줄 흐른다 ㅠㅠ
팩이랑 같이 산 세럼도 완전 추천 속건조에 짱임
다이브인 저분자 히알루론산 세럼
저 세럼만 3통넘게 쓴 듯 
다음번에 한국서 택배받을때 또 살 예정"
"내돈주구내가산 올리브영몰 구매후기
연말쯤에 올리브영에서 필요한거 쟁여놓기!
떼샷ㅋ
일단 스킨로션이 떨어져서 구매한 #싸이닉스킨로션
화해어플에서 상위권이길래 구매해봤다
(스킨로션은 같은종류로써야지 심신안정되는 이상한병)
#싸이닉 #싸이닉더심플
세트로 구매했더니 서비스로 마스크팩 3개줘따 ㅎㅎ
호캉스가서 잘썻음
독도로션과 비슷했고 무난무난템
강추하는 일리윤!!!
사람들이 하도 일~~~리~~~윤 예찬하길래 써봤는데
왜 예찬할수밖에 없는지 알게도ㅣ었다
꼭써주세요
#일리윤 #일리윤세라마이드아트로션 #바디로션
겨울이라 수분부족으로인해 세럼하나겟!
화해어플1위여서구입 (화해맹신자.....)
#다이브인저분자히알루론산세럼
히알루론산이 주재료이고 수분보습 촉촉해
생각보다 콧물제형에 흡수력도 빠르고 무겁지않아서 가볍게 잘썼던제품!
개털인나에게 선물한다 트린트먼트
#모레모 #모레모워터트린트먼트
화해어플에서 유명하고 패키지 이쁘길래 구매해봄
근데 나는 액체인줄알고샀는데 워터제형이였다
샴푸하고 머리끝쪽에 모레모 워터트린트먼트 뿌렸는데 향기대박❤️
머리결도 금방부드러워지는느낌 다음엔 대용량으로 산다...
오이거대박!
필리밀리 1/2페이셜퍼프 강추
일본물매하려면 이거써줘야지....👍
얇은것이 완전똑같다 #필리밀리 #필리밀리화장솜
대한민국 국민들 이걸로 갈아탑시다~~~~
스킨바를때 좋음 but 화장지울땐 안된다
파운데이션 브러쉬찾다가 이거좋다길래 사봤다
브이컷파운데이션 브러쉬를 사면 증정용이 이렇게나 마니?!
#필리밀리브러쉬 #필리밀리v컷 #v컷파운데이션브러쉬
브러쉬 몇개 사봤는데 파운데이션 바르기에 v컷이라 꼼꼼히 바를수있고 브러쉬모도 굉장히 부드러워서 사용하기 좋았다!
이로써 내돈내산후기끝."
"#올리브영 #세일 #오늘드림 #택배배송 #아벤느 #시칼파트 #시칼파트플러스 #오떼르말 #퍼지락 #자일리톨캔디 #마녀공장 #비피다 #앰플 #비피다바이옴콤플렉스앰플 #필리밀리 #쿠션팡팡퍼프 #트리헛 #시어모이스처라이징 #바디로션 #코코넛라임 #리얼베리어 #익스트림크림 #센소다인 #멀티케어 #토리든 #다이브인 #저분자히알루론산세럼 #히알루론산세럼 #세럼 #내돈내산 #솔직 #후기
지난주 토요일에 12시 쯤에 오늘드림으로 올리브영에서 필요한 것들을 구매했습니다~
카카오톡 플친으로 받은 쿠폰을 사용하기 위해 5만 원을 맞춰서 구매했습니다! 3만 원 이상은 무료배송이었습니다!
오후 1시 전에 도착하면 오후 3시에서 4시 사이에 도착하는 오늘드림 배송을 선택하였습니다.
3시가 조금 지나고 배송완료 문자가 도착했습니다!!
구매한 것들을 소개하기 앞서 저의 피부 타입을 설명드리자면 웬만한 제품을 써도 트러블이 일어나지 않는 민감하지 않은 복합성 피부입니다~
저녁쯤 되면 얼굴에 기름이 약간 올라오며 아직까지는 건조함을 잘 느끼지 못합니다!
그리고 한 달에 한두 번씩 여드름이 납니다 ㅜㅜ 이건 호르몬의 영향이라 받아들이고 살고 있습니다..
아벤느 시칼파트 플러스
아벤느 시칼파트 플러스 35,000원 -> 26,250원
아벤느 시칼파트 플러스입니다~ 기획 상품으로 오떼르말 150ml도 같이 왔습니다 ㅎㅎ
아벤느 시칼파트를 현재 사용하고 있는데 괜찮아서 하나 더 구매했습니다.
한 달에 여드름이 한두 개씩 나는데 짜고 나서 듬뿍 발라주고 평상시에는 얇게 발라줍니다.
눈에 띄게 변화가 생기는 것은 아니지만 없는 것은 아닌 것 같습니다 ㅋㅋ
그래도 순하고 진정시켜주는 효과가 있다고 하고 보습도 어느 정도 되는 것 같아서 만족하며 사용하고 있습니다!
없으면 허전할 것만 같았습니다 ㅎㅎㅎ
미스트는 귀찮고.. 먼지가 달라붙는 기분이라 뿌리지 않습니다.. 언젠간 쓸 일이 있겠죠,,,?
아벤느 시칼파트 vs 시칼파트 플러스
시칼파트 플러스에는 새로운 성분이 추가됐다고 합니다,, 뭐 좋겠죠,,!
마녀공장 비피다 바이옴 콤플렉스 앰플 더블에디션
마녀공장 비피다 바이옴 콤플렉스 앰플 35,000원 -> 24,500원
현재 시드물 퓨어 비피다 95 앰플을 사용하고 있는데 저와 잘 맞는 것 같아서 비피다 앰플을 구매해 보았습니다.
시드물 비피다 앰플을 사용하면서 피부장벽을 강화해 준다는 것을 이해했습니다,,! 쓰다가 안 쓰니까 알겠더라고요..
한 번 사용해 봤는데 괜찮은 것 같습니다. 꾸준히 사용해봐야 알겠지만 괜찮은 것 같습니다 ㅋㅋㅋ
그리고 할인가격 + 쿠폰을 사용해서 약 2만 원 정도에 저렴하게 구매했습니다! 심지어 두 병인데.. 정말 괜찮죠!!!
퍼지락 자일리톨 캔디 쿨민트향
퍼지락 자일리톨 캔디 쿨민트향 3,900원 -> 3,500원
간식으로 먹기 좋은 퍼지락 자일리톨 캔디입니다~
양치하고 나서도 맘 편히 먹을 수 있어서 좋습니다!
그런데 저는 한 번 뜯으면 계속 손이 가서 너무 많이 먹게 돼 가끔씩 구매하려고 합니다,,ㅠㅠ
여기서부터는 택배로 주문한 것들입니다. 오늘드림에는 재고가 없어서 오늘 택배로 받았습니다~
센소다인 멀티케어
센소다인 멀티케어 6,100원
시린 이에 좋다고 하는 센소다인을 구매했습니다~
멀티케어는 안티프라그 + 구취제거의 효과가 있다고 합니다.
열심히 양치해서 나중에 임플란트 안 하고 틀니 안 끼고 싶습니다....
사실 치약을 무엇을 쓰는지 보다 얼마나 부지런히 제때 하는 자기가 더 중요할 것 같습니다 ㅠㅠ!
트리헛 시어 모이스처라이징 바디로션 코코넛 라임
트리헛 시어 모이스처라이징 바디로션 코코넛 라임 9,900원 -> 6,930원
세일 중이고 바디로션을 거의 다 써가고 좋아하는 코코넛 향이라 구매했습니다 ㅎㅎ
코코넛 향을 개인적으로 정말 좋아합니다 ㅎㅎ
로션을 꾸준히 바르면 건조하지는 않아서 그런지 보습은 어느 로션을 써도 괜찮습니다. 그래서 좋아하는 향 또는 무향인데 저렴한 것으로 구매합니다~
코코넛 라임향은 남미 휴양지의 리조트 느낌이 납니다~~
제가 향에 관심을 가지는 이유는 특정 향을 맡으면 그 향을 사용할 때의 기억이 나기 때문입니다 ㅎㅎㅎ!! 그래서 다양한 좋아하는 향의 바디 제품을 사용해보고 싶습니다~~ 
특히 여행 갈 때 기억에 남기고 싶은 향수를 뿌리고 좋아하는 노래를 계속 틀어놓습니다!
그러면 정말로 나중에 그 향수를 뿌리거나 노래를 들으면 그때의 추억이 새록새록,,, 추억뿐만 아니라 그때의 기분 + 분위기까지 떠오릅니다!!
나중에 시간이 되면 바디제품 리뷰도 해보겠습니다 ㅎㅎㅎ
토리든 다이브인 저분자 히알루론산 세럼 1+1 기획
토리든 다이브인 저분자 히알루론산 세럼 1+1 기획 18,000원
시드물 디판테놀 앰플을 사용했었는데 다 써서 안 쓰고 있었습니다. 수분 세럼이 필요했던 찰나에 된다의 유튜브를 보고 추천받아서 바로 구매했습니다!!
시드물 디판테놀 앰플은 정말 속까지 수분을 채워주는 느낌이라 몇 통을 비운지 모르겠습니다 ㅎㅎ 시드물 디판테놀 앰플보다는 묽지만 그래도 촉촉한 것 같습니다!
하지만 다음번에는 시드물 판테놀 앰플을 살 것 같습니다🥺 하하핳ㅎ
된다 미용만화를 자주 봅니다 ㅎㅎ 추천한 것들을 정말 많이 샀는데 모두 너무 만족하면서 쓰고 있어서 광고지만 구매했는데 역시 잘 구매한 것 같습니다~~
심지어 50ml 두 개에 18,000원이라니.. 더 사야 하는지 고민이 됩니다,,
리얼베리어 익스트림 크림 50ml
1월달에 면세점에서 구매하여 잘 쓰고 있는 리얼베리어 익스트림크림입니다! 세일하길래 미리 구매했습니다 ㅎㅎ
엄청 꾸덕하지만 기름지지 않아서 가벼운 로션을 듬뿍 바른 후에 얇게 발라줍니다~
피부 진정 성분이 많이 들어가 있어서 잘 쓰고 있습니다.
스킨 - 앰플 - 시드물 울트라 페이셜 모이스처라이징 로션 - 리얼베리어 익스트림 크림 - 아벤느 시칼파트 크림 순서로 발라주고 있습니다~~ 제 피부에 너무 과하지도 않고 부족하지도 않은 것 같아 만족하면서 사용하고 있습니다!
필리밀리 쿠션 팡팡 퍼프
필리밀리 쿠션 팡팡 퍼프
파운데이션을 덜먹고 잘 밀착된다는 후기를 보고 사용해 구매했습니다!
약간 충동적으로 스킨케어 제품을 이것저것 사봤습니다 하핳ㅎ 그래도 잘 산 것 같죠..?
저는 아직까지 아무리 비싼 제품을 써도 저는 차이가 크게 나지는 않았습니다,, 잘 맞는 스킨케어 제품을 사용하고 좋은 것보다는 안 좋은 것을 안 하는 것이 정말 중요한 것 같습니다!!
전문가는 아니지만 피부에 스킨케어 제품보다는.. 스트레스 덜 받고 잘 자고 잘 먹어야 피부가 좋아지는 것 같습니다!!
(보습을 잘 해준다 + 스킨케어 제품이 트러블이 나지 않다는 가정 하에..)
아 그리고 유전이 제일 중요하죠 ㅎㅎㅎㅎ...
몸소 경험하고 느낀 바입니다! 하하하하하ㅎ
우리 모두 운동도 하고 잘 먹고 건강한 생활습관을 가지도록 노력합시다!!!"
"방에 페인트칠 하겠다고 방정리 하다가 다 쓴 것들 버리는 김에 포스팅이나 하자! 해서 하는 공병리뷰
제가 추억충이라 못 버리는 성격이여서 20살때부터 쓴 추억템들이 많을거에요.
사실 추천템을 들고오려면 여러가지 돌고 돌아서 정착한 지금 쓰는 템들을 갖고와야되는데 
지금 포스팅 하는 것들은 화장품을 찾아헤매던 새내기시절 도전정신을 감안하고 봐주세용😊
웨이크메이크 오일컷픽서
단종
친구가 진짜 좋다고 선물해줘서 썼는데 가격대대비 진짜 좋았던 픽서! 지금 보니까 이거는 단종되고 웨이크메이크 오일컷 매트 픽서로 바뀐 것 같네요ㅠㅠ 
별점 : ★★★☆
에이프릴스킨 퍼펙트 매직 페이스 스타터
올리브영 단종, 에이프릴 스킨 공홈 19000원
이거 진짜 제 인생템인데 올리브영에서 빠진지 꽤 됐어요ㅠㅠ
진짜 4통은 쓴 것 같은데ㅠㅠ 제형도 너무 되직하지않은데 모공커버는 잘되고 전 페북광고보고 사게 된 것임에도 엄청 만족했던 제품이었는데 이제 올리브영엔 쿠션만 있는 것 같더라고요
프라이머 유목민입니다 그래서ㅠㅠ
별점 : ★★★★☆
바디판타지 바디로션 
피치에프리콧 207ml
10000원
이제 저 케이스는 단종이고 다른 케이스로 나오는데 차이는 딱히 못 느끼겠어요. 어쩌다보니 단종된 것들만 쓰고있네요ㅋㅋ
저는 단순히 향! 하나만 보고 쓰고있습니당 저는 몸이 막 건조한 편은 아니여서 보습력있는 제품을 찾진않고 바디미스트로  보나 바디로션으로 보나 복숭아향은 바디판타지만큼 잘 내는 곳이 없는 것 같아서 바디로션 두통째 쓰고있습니다. 저는 바디워시도 바디판타지 피치에프리콧 써용ㅎㅎ 향에 예민해서
별점 : ★★★★
네오젠 젠틀 거즈 필링 그린티
22900원
이것도 아마 통 리뉴얼 됐을텐데..
사실 네오젠 필링패드는 할인을 워낙 많이해서 22900원에 사면 호..구..
저것도 아마 저 20살? 21살?에 왕십리점에서 일했을 때 엄청 싸게 팔길래 샀던 것 같아요. 다들 쌈무냐며..ㅠㅠ
하도 쓴지 오래되고 필링패드를 여러가지 써봐서 기억은 잘 안나지만 마음에 들어서 또 사려고했던 기억이 있는걸 보니 좋았던 것 같아용 할인할 때 사면 가성비템입니다👍
별점 : ★★★☆
라운드어라운드 컴포트 하이드레이팅 워터 & 에센셜 부스팅 하이드레이터
26000원 & 28000원
저는 심한 수부지 피부에요ㅠㅠ 기름이 되게 많으면서 또 엄청 건조해서 속은 땡기고.. 그래서 크림을 바르면 겉만 채워지는 겉도는 느낌이 드는.. 수부지 분들은 다 공감하시져? 사실 아직까지도 크림은 정착하지 못했는데 스킨 로션은 저게 잘 맞더라구요~ 바르면 기름지지는 않으면서 속은 건조하지않은 가볍지만 가볍지만은 않은! 딱 맞는 스킨로션이었습니다.
저는 스킨 로션 세트로 사서 조그마한 스킨로션도 들어있었어요! 그건 아직도 여행용으로 잘 들고 다니면서 쓰고 있습니다~
별점 : ★★★★
썸바이미 아하바하파하 30 데이즈 미라클 토너
18000원
아하 바하 토너가 좋다그래서 올리브영에서 무작정 아하바하 쳐서 산 토너! 사실 저는 토너는 뭐가 막 좋고 나쁘고 그런건 모르겠어서.. 근데 싼 토너들은 바르고나면 점 기름진느낌? 겉도는 느낌은 있더라구요. 이건 넘 조그마해서 놀랐지만 썼을 때 겉도는 건 없고 좋은 것 같아서 지금 올리브영에서 행사매대이길래 한 번 더 사보려구요. 
별점 : ★★★☆
토리든 다이브인 저분자 히알루론산 세럼 
18000원
원래 저런 애가 아닌데.. 제가 스트레스를 받으면 다 뜯어서 저것도 공부하다가 뜯었을거에요,,
위에 썼다시피(썼나?) 수부지인데 겉은 기름지고 속은 너무 건조해서 아무리 크림을 발라도 소용이 없어서 사본 세럼!
생각보다 좋아서 두 통째 쓰는 중입니다! 실제로 이거 쓰고 속건조가 사라졌어용 막 특별할건 없는데 그냥 마음에 들어서 이번에 토너 나왔길래 그것도 사봤습니당 세럼치고 저렴하기도 하고 맘에 들어옹
별점 : ★★★★
어디건지 기억이 안나네유..
이게 제가 썼던 드라이샴푸 중에 제일 좋았는데 올리브영 검색하니까 안뜨네유 ㅠㅠ
다른 드라이샴푸도 써봤는데 향만 나고 별 효과 없어서 안나오는 이거 쥐어짜면서 잘 썼는데..ㅠㅠ 아쉽네용
별점 : ★★★★
미쟝센 퍼펙트세럼 오리지널
15000원
이거 진짜 추억템이다.
제가 티엠아이를 하나 풀자면 제가 대학교 입학할 때 처음 제대로 화장해보니까 뭐가 좋은지몰라서 올리브영 인기순 1위인걸 다 샀었어요. 그것들 중 하나가 이 미쟝센 헤어 오일입니다. 지금까지 일하면서도 정말 잘나가는 헤어오일..
저는 그 때 처음 쓰는데 너무 좋은거에요. 머릿결도 엄청 부드러워지고.. 그래서 와 진짜 대박 좋다 하면서 주위 사람들한테 주황색깔 헤어오일 진짜 좋다고 말하고 다녔던 기억이 있어요. 
사실 요즘은 헤어오일보다는 헤어크림, 헤어팩을 더 많이 써서 그렇게까지 좋았나..? 싶기도하지만 첫인상이 좋았기에 별점 4개ㅋㅋㅋ
별점 : ★★★★
케이트 시크릿 스킨 메이커 제로(리퀴드 파운데이션) 4호 헬씨텐
32000원
저는 피부가 23호보다 더 칙칙한 24호일겁니다..ㅠㅠ
항상 시중에 파는 23호를 쓰는데도 엄마는 맨날 왜이렇게 허옇게 화장했냐그래서 여긴 25호 색깔이 있길래 사봤어요. 케이트 파운데이션 좋은거야 워낙 유명하기도 하고요! 써보니 역시 피부 표현도 너무 좋고 엄마도 피부톤이랑 딱 맞다고 좋아하더라구요.ㅋㅋㅋ 가볍게 발리고 참 좋았는데 그래도 일본제품이기도하고 지금 파운데이션 여러가지 써보는 중이라 자구매는 하지않았어요ㅠㅠ 좋긴 진짜 좋습니다!
개인적으로 마음에 들었던 로드샵파데는 에스쁘아와 케이트입니다ㅎㅎ
별점 : ★★★★☆
클리오 킬커버 파운웨어 쿠션 04 진저
위 커버는 한정판으로 단종, 32000원
커버 어이없죠ㅋㅋㅋ 작년인가 재작년인가 나왔던건데 커버 너무 웃겨서 샀던 키키
클리오 파운웨어야 엄청 유명한데 이상하게 저는 안써봤었어요.. 저는 매트한거 좋아해서 좋게 썼던 것 같은데 저는 사실 쿠션 하나만 사지 않고 쿠션 파데 2-3개씩 돌려 써가지고 큰 인상은 없네유.. 그래도 나쁘진 않았던 기억 정말 커버만 보고 샀읍니다,,
별점 : ★★★☆
제품 설명보다는 제 티엠아이만 잔뜩 쓴 기분ㅋㅋ
그래두 재밌어서 또 쓸거에융"
"진짜 심심하다 요즘..
아니 사실 연휴기간엔 놀러다녀서 지금 체력이 바닥남ㅋㅋㅋ
체력 좀 기르려고 수영하려고 하는데 알바때문에 하지도 못하고ㅠㅠ
알바 그만두면 바로 운동을 등록할 생각임!
그때까지도 내가 블로그를 계속 한다면 운동일기도 써봐야지ㅎㅎ
사담없이 바로 본론으로 들어가려다가 아무것도 없이 하면 이상해서
한 두 마디만 붙이려고 했데 한 문단이 되어버렸다ㅋㅋㅋ..
4월도 3월과 마찬가지로 밖에 잘 나가지는 않았다.
다만 한 번 나가면 자꾸 뭘 사왔다...
처음에는 소비 목록으로 쓸 게 없어서 안쓰려고 했는데 결국 쓰게 됨.
이번에도 사용해보고 추천하는 것은 *을 붙여둘게요:)
1. 토리든 - 다이브인 저분자 히알루론산 세럼 50ml
딱 4월에 뜯어서 이제 한 통을 다 썼다!
사실 인터넷으로 후기를 찾아봤을 때 엄청 끌리는 제품은 아니였다.
근데 3월 말인가...4월 초인가...1+1을 하길래 막 바를 용도로 사봤음.
세럼이라 그런지 굉장히 가벼운 텍스쳐이다.
원래는 양볼, 이마에 한 방울씩, 총 세 방울로 바르는데
이 제품은 가볍고 흡수가 빠르기에 두 방울씩 발라야 바른 느낌이 든다.
그래서 엄청 촉촉한 느낌은 안듦.
아 근데 같이 쓰고 있는 크림(2번으로 나올 예정)이 젤이라서 더 그런 듯..
나중에 초여름~초가을즈음  또 1+1을 하면 사겠지만 건조할 때엔 안 살 듯하다.
아! 근데 얼굴이 당기지는 않은 거 보니 속건조는 좀 잡히는 것 같음!
2. 아비브 - 하이드레이션 겔 워터튜브 75ml
이건 저번에 비누 살 때 같이 구매했는데 이것도 4월에 뜯어서 지금 다 썼다.
세럼은 나 혼자 쓰고 크림은 언니랑 같이 써서 용량이 많음에도 금방 다 쓴 듯.
아니 근데 이거 마무리감이 신기하다!
젤 크림이면 산뜻해야하고 젤 특유의 끈끈함?이 있어야 하는데
오일이 함유되어 있는지 약간 건조한 미끌함...?ㅋㅋㅋㅋㅋ
글로 표현하자니 너무 이상한데 정말 미끌거린데 건조함..ㅋㅋㅋ
진짜 듬뿍듬뿍 발라줘야 촉촉하다, 조금 발라서는 아니다.
공홈에서 1+1를 하는데 지금이 여름이다! 그리고 이 제품이 궁금하다!하면
한 번 써보셔도 되는데 굳이 추천하지는 않는다.
3. 더페이스샵 - 잉크그라피 브러쉬 펜 라이너 브라운***
2년 째 쓰고 있는 아이라이너.
내 눈은 무쌍이라 잘 번지기에 일단 붓펜 아니면 절대 안씀.
이거 쓰기 전에는 키스미랑 후로후시를 사용했는데 그게 별로여서 바꾼 건 아니고
이 두개는 진한 브라운이라 쉐도우가 진하지 않은 나에겐 너무 부담스러웠다.
그러다가 그냥 인터넷에서 후기를 보다가 좋다길래 사봤는데
색이 진하지도 않고, 그렇다고 너무 연하지도 않아서 잘 쓰고 있음.
또 잘 안번져서 아주아주 좋다!
다만 잘 굳어서 주기적으로 닦아줘야 함..^^.. 괜찮아요 싸니까!
근데 사실 저는 파우더 처리를 굉장히 꼼꼼하게 합니다..
4. 네이처리퍼블릭 - 극세사 아이브로우 펜슬*
베네피트 프리사이슬리 다 써서 급하게 샀다.
아니 근데ㅋㅋㅋㅋ베이스로 하드포뮬러를 깔고 그냥 빈 곳 채우고
끝부분 빼는 데에만 써서 사실 잘 모르겠음 좋은지 별론지..
근데 원래 얇은 건 다들 그런 용도로 쓰실테니까...그렇다면 추천!
발색이 좋아서 힘 빼고 그려야 자연스러움!
5. 메리어라운드 - 메리 코튼 브이 knit 크림옐로우, 포밍 플레어 sk 블랙*, 에디 플라워 ops
저 메리어라운드 vip 아니에요ㅎㅎㅎㅎ....ㅋㅋㅋㅋ
옷은 입어보지 않으면 쉽게 구매하지 못해서...쇼룸이 집 근처다보니까
그냥 옷 사고싶거나 사야하거나 하면 자주 가서 구경하고 그러다보면 사고,,그런 것임..
하나씩 살짝 리뷰를 해보자면,
메리 코튼 브이 니트는 보자마자 색에 꽂혀서 삼.
내가 요새 크림옐로우 색에 꽂혀있어서 저런 색만 보면 정신을 못차림.
근데 착샷을 안보고 옷걸이에 걸려있는데 색 보고 산거라 내가 원하던 핏보다는 더 넉넉함.
포밍 플레어 스커트, 그냥 딱 보고 편해보여서 샀다ㅋㅋㅋㅋ.
편하게 입기도 좋고 꾸밀 때 입어도 나쁘지 않을 스타일이라서 ㄱㅊㄱㅊ.
에디플라워 원피스는 아직 안입어 봤는데 이건 언니 픽임.
언니들 키가 150cm 정도인데(언니들 미안...ㅎㅎ) 기장이 괜찮음!
반팔 원피스이지만 한여름에 입기엔 더울 듯 하다.
니트랑 스커트에요! 기장과 핏 참고하시라고ㅎㅎ제 키는 160cm 입니다!
6. 코데즈컴바인 - 스킨 베이직 브라
원래 에어리 속옷을 입는데 오래 입기도 했고 에어리는 그냥 언니들이 편하다 해서 샀었다.
근데 너무 불편하고 지금 브라를 하나 더 사야해서 코데즈컴바인도 많이 입길래 사봤다.
에어리보다 둘레를 크게 사서 그런가 좀 더 편하긴 하다!
근데 와이어 브라이고 완전 기본이라서 그냥저냥 함. 
불편해서 못견딜 정도는 아니다.
와이어에 익숙해서인지 아직 노와이어나 기능성 브라에 도전하기가 무서움..
7. 쥬시쥬디 - J앞단작셔츠형자켓
송도 현대 아울렛 구경하다가 그냥 예뻐서..자켓도 사고 싶었고..그래서 샀음..
생각보다 얇아서 지금 반팔에 입어도 좋다.
단, 낮에는 더워서 겉옷따위 입지 못함..ㅋㅋㅋ
베이직하고 심플한 옷을 좋아하나 튀는 옷도 종종 구매하기에 나는 만족!
봄,가을에 진짜 잘 입을 듯.
8. 엘지 LG - A9 청소기(신형), 에어드레서 
이건 물론 내가 산 건 아니고 어머니가...ㅋㅋㅋㅋ
4월 막주에 구매해서 사용한지 얼마 안되었음.
그치만 집에서 청소하는 건 언니와 나이기에 우리가 제일 많이 씀.
a9은 무선이 진짜 좋다..거슬리는 게 없어.
다만 본체가 좀 무겁고 흡입구 부분이 너무 잘 돌아가서 나는 별로인데 언니는 좋다 함.
물걸레까지 되니까 좋은데,,맨날 힘줘서 빡빡 닦다가 그냥 스르륵 닦으니까
뭔가 걸레질이 되는 지 안되는 지 모르겠음ㅋㅋㅋㅋ
요즘 알바하면서 손목을 막 써서 가뜩이나 아픈데 이거 쓰면 더 아프긴 함..
신형이 좀 더 가벼워졌다든데 그래도 나에겐 무겁다ㅠㅠ
에어드레서, 이거 진짜 ㅉㅏ증남ㅠㅠ 엘지의 서치에 걸릴까봐 써방해야지.
초창기 제품은 안그런다든데 요즘 제품은 불ㄹㅑㅇ이 많단다.
처음 써봤는데 물이 생각보다 많이 맺혀있고 물고임도 살짝 있어서
인터넷에 검색해봤더니 ㅂㄹ이 맞단다..
내 친구도 쓴다길래 물어봤더니 기능마다 약간 다른데 물고임은 전혀 없다함.
냄새도 빠지고 한번 돌리고 나면 구김도 펴져있어서 좋긴 한데..
근데 엄청 드라마틱한 효과까진 없는 듯...
사기 전에 서치할 때는 물고임같은 단점은 안나왔는데 사고나니 이게 뭐람.
(+에어드레서는 2주 후 결국 환불함)
앞에 잔뜩 불평불만 써놓고 갑자기 끝내버리기가 너무 웃기네요ㅋㅋㅋㅋ
이번 달도 전 뭘 참 많이 샀네요..ㅎㅎ..
이번에도 제 후기가 여러분께 도움이 되길 바라며,
오늘도 제 블로그에 놀러와주셔서 감사합니다:)"
"제가 실제 사용한 수분 앰플 및 수분 세럼들에 대한 내돈내산 솔직후기 공병 리뷰입니다~
마뇨공장 토리든 공병//  나인위시스는 쓰고 버렸다능
제가 수분라인 중 제일 먼저 사용한 세럼이 토리든 다이브인 저분자 히알루론산 세럼이에요~
사실 이렇게 유명해지기 전에 뭔가 정말 히알루론산에 집중되어 있는 느낌이여서 구입했었거든요
쓰다보니 아 굉장히 가볍게 속보습에 충실한 느낌이다 싶어서-
1병 재구매 했거든요 현재 2병연이어 썼다능...
헌데? 어느세 에센스/앰플/세럼 1위로 올라와있더라고요
장점: 히알루론산베이스 속보습 기본에 충실
가벼움
그와중에 제가 느낀 단점은 약간 주르륵 물처럼 흐르는 제형이다?
제가 약간 쫀쫀한 제형을 좋아하거든여
굉장히 기본에 충실한 느낌이다보니 좀 뭔가 되직한 느낌의 쫀쫀한 세럼(콧물)이 찾고싶더라고요
그래서 찾았던 상품이 바로 나인위시스 하이드라 스킨 앰플 세럼
요고는
 토리든보다 좀 전에 출시된 걸루 알고있구요~
19년 기준으로는 에센스/앰플/세럼 9위로 랭크되어있더라구용
장점은 콧물제형이다! 쪼온쫀 하다!
쫀쫀해서 뭔가 크림까지 바르지않아도 되직하게 유수분이 코팅된 느낌이거든요
단점은 양이 적어여.....한병이 25ml... 넘나 적지 않나요?
쫙쫙 바르면 금방 끝납니다 ㅠㅠ 
그래서 2병째 사려고 하는데 !!! 이건 또 1+1을 잘 안하더라고요
하더라도 저 수분 라인이랑 다른 대나무라인? 새로나온거 마케팅용으로 나와서.. ㅜㅜ
참고로 토리든 같은 경우는 요 같은제품으로 1+1 가끔 하고 있어서 가성비갑!!!
그래서 나인위시스 한달도 안되서  담 제품으로 넘어간게 바로 비피다 콤프렉스 앰플
요곤 화해 2019 에센스/앰플/세럼 4위네요! 화해어워드에서는 3위구요~
이건 수분 집중이라기보다는 발효라인인데요-
제가 예전에 발효가 안맞는거같았었는데
숨 세럼 아... 저 숨 세럼도 썼었네요 숨이 의외로 수분감이 괜찮고 잘맞더라구요~
그래서 구입해봤는데요,
장점: 콧물과 물의 중간 제형으로 적당한 수분감과 깔끔함
토리든, 나인위시스의 중간정도의 점도구요-
다만 요 제품은 발효가 맞는지 먼저 체크해주셔야하구요
단점은 특별~한 부분은 없었구요 대신에  이 깔끔한 느낌이 조금 더 효과가 없나? 란 느낌이 있어요
비피다도 올리브영에서 1+1 등등 프로모션 자주합니다.. 가격 괜찮죠 ㅎㅎ
그래서,, 
쫀쫀함(수분감): 나인위시스 > 비피다 > 토리든
깔끔함: 비피다 >토리든 > 나인위시스
가격(저렴한게우선): 토리든 > 비피다 > 나인위시스 
요로케 보면 비피다가 종합적으로 1등인데 ㅎㅎ
가성비로 따졌을떄에는~~!!갑!! 토리든 !!
그냥 기본 수분에 충실한 앰플이면 좋겠다!! 하면 전 토리든도 괜찮다~~ 싶습니다.
전 토리든을 재구매한 이력이 있을 정도니깐요!!
♥
비타민 c 세럼 2가지 공병후기 또~~ 적어보도록 하겠습니당 !!!!
 "
"6월에도 많이 샀는데
생각해보니까 그전에 산 걸 안 올렸음
그래서 후다닥 작성해 봅니당
6월에 산 건 또 언제 올리지????? 화이팅 하자..
#내돈내산 #수부지 #트러블 #민감성 #기초 #화장품 #리뷰 #화장품리뷰
[#메디힐] 워터마이드 하이드롭 에센셜 마스크 REX
몇 년째 잘 쓰고 있는 메디힐
이미 다른 마스크팩이 많아서 20장은 부담스러웠는데
10장?! 거기다가 할인이라뇨 냉큼 구입
진짜 너무나 무난하고 베이직한 수분팩
[#토리든] 다이브인 저분자 히알루론산 세럼
수분만 채워주는 앰플 없나? 하고 있었는데
이름부터가 ~나 수분 가득해요~
2월부터 할인 할 때까지 기다리고 있었는데 엥 갑자기 1+1
바를 때는 속 건조를 채워주긴 했는데...
흡수가 다 되고 나니까 너무.. 건조하다..
그렇다고 여러 번 발라주기엔 양이 그리 많은 편이 아니라
이걸 바르고 다른 걸 또 발라주든지 해야 하고
뭔가 좀 작은 트러블이 나는 거 같기도 해서 방치 중
[#구달] 맑은 어성초 진정 수분크림 기획세트
어성초가 나랑 잘 맞는구나 깨달아서 수분크림도 샀다.
상당히 촉촉하고 좀 리치한 타입
매일 바르지는 않고 가끔 팩하기 귀찮거나 진정이 필요하면 쓴다.
너무 과하게 바르면 기름기 폭발해서 적당히 발라줘야 함
한 가지 특이점이 냄새가.. 이게 어성초인지 
자연 친화적인 냄새가 난다
나쁜 건 아닌데 민감한 사람들도 있을 듯 
아 그리구 
약간 노란색이다 
수분크림이 하얀색 아닌 거 첨 봐서 신기
사진 보고 있으니까 
그 특유의 냄새가 화면을 뚫고 나오는 듯하다
ㅋㅋㅋㅋㅋㅋㅋㅋㅋㅋㅋㅋ
[#구달]
청귤 비타C 세럼 마스크 
맑은 어성초 진정 마스크 
수분크림 사면서 마스크팩도 1+1 하길래 사봤다
(이미 비타C 세럼을 써본 적이 있음)
청귤만 해봤는데.. 금방 건조해진다. 보습이 목적이 아니니까 ㅇㅋ
어성초 팩은 좋다
아비브 팩보다 좋다고 생각하는데 
자극이 덜하고 시트 크기가 크고 생긴 게 괜찮아서
꼼꼼하게 붙여줄 수 있는 게 너무 너무 좋았다
((얼굴 크기 1위인 나한테 착붙))
외적 면에서는 지금까지 썼던 마스크팩 중 단연 탑
[#마녀공장] 퓨어 클렌징 오일
원래 TISS 클렌징 오일을 쓰고 있었는데 이게 일본 거라,, (말잇못) 
한국 제품에서 젤 유명한 걸로 바꿨다.
세정력은 무난한데
티스랑 달리 잘 닦이고 미끌미끌한 게 남지 않아서 좋다.
그렇다고 막 건조한 것도 아니고 완전 무난함
또 세일한다면 재구매 예정 있음
[#셀퓨전씨] 레이저 썬스크린
성분 좋기로 유명한 셀퓨전씨
원래 쓰던 닥터지 초록색이랑 느낌이 아주 비슷하다
왼쪽이 셀퓨전씨 오른쪽이 닥터지
닥터지가 좀 더 촉촉하다 (산지 더 오래돼서 그럴 수도)
마무리는 둘 다 매트. 셀퓨전씨가 더 백탁 심하다
닥터지가 용량 대비 더 저렴함
셀퓨전씨 첨 봤을 때 머야 이 조막만 한 건???? 했었다.
진짜 크~게 다른 점 없다
여러 선크림을 써보고 싶어서 재구매 의사는 없음
[#해피바스] 스플래쉬 자몽 에센스 바디워시 
원래 난 바디워시를 쓰지 않는데
가격이 왜캐 싸지? 싶어서 하나 사봤다 (진짜 별의 별 이유가 다 있다)
근데;;; 진짜 만족스럽다.. 이걸 쓰고 안 쓰고 삶의 만족도가 달라졌다.
일단 
1. 피부가 너무 부드러워진다.
항상 샤워 후 바디로션을 발랐기 때문에 딱히 부드러워지는 걸 신경 쓰지 않았었는데
바디워시를 하고 로션을 바르니까 부드러움을 넘어서 
진짜 부들부들 ㅂㄷㅂㄷ (tmi 내 탄생화)
2. 진짜 냄새가 미쳤음. 
달달+상큼 자몽 향이라 뭔가 심신의 안정도 같이 되는 향
내가 자몽을 이렇게 좋아했나? 싶을 정도로 좋다 ㅠㅠ
[#필리밀리] 부드러운 샤워볼
그래서 샤워볼을 샀다 ㅎ
기존 샤워볼이랑 달리 뭔가 조그맣게 네모난 스펀지도 같이 있다
무난하게 거품 잘 나고 부드러운 샤워볼!
뜬금없는데 여기에 클리어 슬라임 넣고 반죽하면 진짜 소리 오질 듯
[#미쟝센] 퍼펙트세럼 오리지널
미쟝센 -> 로레알 -> 모로칸  -> 로레알 -> 
이어서 다시 돌아온 미쟝센
오일의 중요성을 미친 듯이 깨닫지만 각자의 제품력은 비슷한 거 같다.
(사용만 한다면 어느 제품이든 상관이 없다는 말)
그래도 굳이 고르자면 미쟝센<로레알<<모로칸 (리치한 타입 순서)
드라이 하기 전후에 한 번씩 발라주고 있다
3년 동안 금발로 살았던 나의 머릿결에게.. 치얼스
[#모레모] 워터트리트먼트 미라클 10 
모레모 제품이 괜찮다는 리뷰를 많이 봤는데
반값에 증정품도 괜찮아서 구입했다.
와우 이거 개쩌럿음.......
걍 슈루룩 도포하고 적당히 문지르고 10초 만에 씻어도 물미역 쌉가능
지금까지 썼던 한 10개 넘는 브랜드 중에서도 완전 독보적 탑이다
솔직히 이걸로 정착하고 싶은데 
가격이.. 자주 쓰는 거 치고 좀 비싸서,,, 
아니,, 가격 값하는 건가,,,
암튼 떨어지지 않게 쟁여둘 거다.
[#모레모] 리커버리밤 B 
요즘 노워시 트리트먼트가 뜬다길래 샀다
조막만 하게 짜서는 효과가 잘 없는 거 같고 내 기준 어느 정도 짜야 하는데..
워터만큼 극적인 효과는 아니어도.. 쓸 만한 거 같다
재구매 의사는 X
그냥 오일 바르는 게 나은 거 같다
[#제이숲] 헤어팩 트리트먼트
고딩때 썼었던 제이숲
거의 2-3년 동안 계속 밝은 탈색모라 보색샴푸, 탈모 방지 모근 강화 샴푸만 썼었다.
흑발로 돌아온 지 오래되기도 했고.. 이제 보색 샴푸 안 쓰니까 다시 제이숲을 샀다.
쓰던 샴푸 다 쓰면 샴푸도 살 거다
머릿결 찰랑~ 물미역~! 되는 거엔  제이숲이 최고였는데
모레모를 겪은 후라 지금은 별 감흥은 없지만 분명 제이숲도 좋은 브랜드다 ㅠ
[#바디버든프로젝트] 바른 화장솜
원래 화장솜은 값싼 제품들만 썼다.
매일 쓰고 매일 피부에 닿는 제품이니까
처음으로.. 화장솜치고 비싼 걸 사봤다.
두꺼워서 그런 건지 목화솜이라 그런 건지
뭔 지랄을 해도 찢어지지 않아서 좋고
피부에 큰 자극도 없고 갠춘,,,
종이 박스에 촘촘한 240매
목화솜이라 그런지 군데군데 작은 점이 있다
3장이 겹쳐 있는 듯
 화장 지울 때나 귀찮을 때는 그냥 쓰고 
떼서 쓸 때도 있다 그래도 잘 안 찢어짐
두꺼워서 그런지 스킨이 잘 안 먹는다
다른 솜은 물기가 퍼지는? 그런 게 있는데
이건 그렇지 않아서 내용물을 좀 많이 묻혀야 한다
아주아주아주 힘을 주면 찢어지긴 함
아니 찢겨졌다;; ㅋㅋㅋㅋㅋㅋㅋ
재구매 의사는.. 할인하면 있음
이렇게 많이 샀는데
아직 정착 한 스킨 케어 제품이 없어용...
N
 O
 O
 o
o
 o
o
 。
 。
.
.
 .
.
(꒦ິㅁ꒦ິ)"
"2020.03.24
오늘 점심시간에 차에 누워있었는데 너무 이쁘쥬,,,?
벚꽃 쪼금씩 피는 중
무슨 나무지..?여튼 피는 중
그리고 공감되는 걸 봤음ㅋㅋ
ㅋㅋㅋㅋㅋㅋㅋㅋ진짜....돈 생각 뿐...
아니 사실은 올리브영..^0^
그 누구도 멈출 수 없는 이 탐욕
어제 이거 샀는데 효과 쪼곰은 있는 것 같음!
흔들어 쓰는 거 아니구 가만히 냅두면 바닥에 분홍색이 가라앉는데 그걸 면봉으로 찍어서 뾰루지에 얹어주고 자고 인나서 씻으면 됨!
저번주에 이마 왁싱해가지고 피부 난리가 났었는뎅 좀 가라앉은 늬낌?
글고 나는 무슨 약속이나 이런 거 있지 않으면 항상 쌩얼로 지점 출근하기때문에 계속 토너패드로 닦아주고 세럼 바르고 그랬었움..!사실 큰 효과는 없어보이지만 그래두 그냥..ㅎㅎㅎㅎㅎ
삼실에서 쓰는 세럼은 토리든 다이브인 저분자 히알루론산 세럼!1+1 하길래 사봤움
색깔 내 스타일..통은 패트라는데 두꺼워서 그런 지 유리병느낌남! 좋아조항
뭐든 글켔지만 드라마틱한 효과는 잘 모르겠구 피부결이 좋아지는 느낌?그냥저냥 쓰는디 구달 청귤 토너패드 이건 진짜 맴에 쏙 듬!
그 덕에 바닥을 보이는 중...10장도 안 남은 듯?
청귤패드가 좋아서 청귤비타세럼도 사서 같이 쓰는 중인디 세럼은 아직까지 잘 모르겠는데 같이 왔던 비타C크림이 넘나 맘에 듦^-^
미백,잡티개선 위주던데 그건 몰겠구 좀 가벼운 텍스쳐랑 마무리감이랑 보습이 맘에 들었음!향도 그렇고~
아마 다음에 크림 사게되면 나 이거 살 듯
여태까지는
코스알엑스 원스텝 오리지널 클리어 핌플패드
케어존 아쿠아 각질 원샷 토너 패드
구달 청귤 비타씨 토너 패드
요렇게만 썼는데 일단 내가 선택했던 패드들은 다 좋았음!
셋 다 끈적이지 않고 안에 내용물도 많이 들어서 다 쓸 때까지도 촉촉해서 너무 좋았당
특히나 케어존은 마지막에 엄청 남아있어서 두툼한 화장솜 세 장 더 넣어서 썼다...wow
솔직히 가지고 있는 패드들은 쓸 때 마다 다 좋았어서 아직까진 정착 안하고 더 많은 패드들 경험하고싶음!!😄😄
내가 집에서도 로션은 안 바르고 미스트 다음에 세럼들만 거의 세개를 바르고 바로 크림  얹는데 난 이 루틴이 좋은 것 같당
크림도 이 마유크림 느므 조흠..
촉촉하고 마유크림인데 좀 가볍고 걍 참존 너 다해라~
아 그리고 그 뭐시냐 라로슈포제랑 닥터자르트 얘들도 요즘같이 피부가 심각할 땐 쓰는데 유명하기도 하고 광고도 많이 하지만 요새 내 피부가 너무 많이 난리가 나서 사실 써도 막 와!!하는 효과는 없긴해도 그냥 써보긴 하는 중
그래도 좋아유우
아이소이 응급스팟
이것도ㅋㅋ솔직히 그냥 써보는 거..드라마틱한 효과는 모르겠움....ㅠㅠ내 피부야 넌 언제쯤 화장품들 말 들을래?;;
달바 화이트 트러플 퍼스트 스프레이 미스트 세럼
매번 쓸 때마다 잘 흔들어 쓰세유
이 빨간 껍데기도 받았드앙
이것도 샀는데..무슨 이름이 이마이 기노..?ㅋㅋㅋㅋㅋ
이거 뭐 복지포탈에 있길래 간편하게 뿌리기 좋을 것 같아서 사봄!간단하게 뿌리기만 하면 되니까 엄마가 좋아할 것 같은 느낌!
근데 오오 기대한 것보다 괜츈??^_^만족스
안개분사도 맘에 들고..!스프레이 누르면 일반 미스트처럼 치~~~~~~~~~~~~이이이ㅣ이익 하면서 계속해서 나오진 않는데 너무 짧게 칙!나오는 건 또 아니구 치익-!이라 좋음ㅋㅋㅋㅋㅋㅋㅋㅋㅋㅋ
아 어쩌다가 내돈내산 화장품 리뷰들을 쓰고 있누;?ㅋㅋㅋㅋㅋㅋㅋㅋㅋㅋㅋ진짜 웃기뉑
이렇게 뭐..오늘 하루도 퇴근하고 헬스하고 즐겁게 잘 보냈다릥..^_^
2020.03.25
오늘은 재택근무 하는 날..!끼아아앍 그래두 신나영!!
맘 편히편히편히~~
회사에서 쓰는 그 청귤 패드 다 써간다고 했잖숨?
그래서 새로 삼!
원래는 올영 가서 매디큐브 패드 살랬는데 없다고 하도라공???아니 세상에..
그래서 롭스에서 세렌디뷰티 레드 프로폴리스 트리플 토너 패드 삼!ㅋㅋㅋㅋㅋㅋㅋㅋ노래제목부터 이름들이 다 길구나?
통은 돌려서 안 열어도 되는 거 ㄹㅇ 장점.
근데 집게도 따로 들어있었으면 좋았을텐디 고거는 조금 아쉽...걍 집에 있는 집게로 써야게쑴
회사 갖고가기 전에 궁금해서 써봤는데 오오오ㅗ오오..???!??좋아좋아!!!
뭐 다들 패드 겁나 잘 만들어내누ㅠㅠ한국 싸랑해🇰🇷❤️💙🖤
이러니 내가 스킨을 안 사고 그 돈으로 패드를 사지!
오빤 요즘 올인원을 다 써서 내가 토너패드랑 미스트때문에 안 쓰고 있는 내 스킨쓰는데 좀 귀여움...ㅋㄱㅋ
라네즈 크림스킨
이거 좋은데 그냥 귀찮아서 패드로 손이 감ㅎ...머쓱
낮에 오빠랑 스벅 갔눈디 휘핑 이마이나 주심ㅎㅎ혜자네
나느 초코크림칩??몰라 여튼 초코고 오빤 카페라떼!
오빠나 나나 원랜 커피 안 마시지만 오빤 오늘따라 잠이 오고 멍하대서 라떼 반잔만 마심!ㅎㅎ
글고 저녁은 파전이랑 짜짜로니 냠냠 하구 헬스 조짐~~
탁히죠니는 가는 것에 목적을 두는 타입ㅎ
오빠는 돈 안 아깝게 하는 것에 목적을 두는 타입ㅎ
와...오늘 운동 쫌 빨리 끝내고 나와서 걸었는데 벚꽃 이마이 이쁠 일인가?????
벚꽃 찍는 굠둥이를 찍은 더 굠둥이^^
여튼....맘에 드는 하루였다 오늘!!!
2020.03.26
오늘두 오빠가 태워줌!!!나 너무 신나버리잖아ㅠㅠ~
오빠 너무 멋짐..내가 어제 너무 피곤해하고 또 운전하고 가야된담서 난리를 치니까 오빠가 낼 데려다주겠담서~,~낄낄 내 남자칭그능 느므 므시떠!!!❤️🧡💛💚💙💜🖤
오전에는 유지율 취합하고 보고하느라 시간이 어떻게 간 지도 모르겠고~~ㅎㅋ점심은 오빠랑 김밥천국 감!
가는 길에 차에서 대충 찍었는데 이렇게 이쁠 일인가??
나는 치즈돈까스 오빠는 쫄면
설레는 맘으로 도착해서 메뉴 한참 고민하다가 시킨 건 치즈돈까스와 쫄면!
솔직히 뭔 김천에서 메뉴고민을 그마이 하냐 이럴 수도 있는데 영덕 김밥천국은 대부분이 ㄹㅇ 존맛도리 그 자체..;;;;;이거 호다닥 조지고 오빠랑 바람쐐러 감!!ㅎㅎㅎ
개다 개!
재생 수
0
00:00 | 00:03
화질 선택 옵션
자동

개다 개!🐶
ㅋㅋㅋㅋㅋ이때 개다 개의 주인공은 쪼금 나이가 들은 리트리버였음!
좌측에 보이는 이 정자에 앉아있으려고 온 거!
저기 개나리랑 벚꽃나무 보임??ㅠㅠ너무 귀엽고..
이거 사진으로 안 담기는데 ㄹㅇ 힐링 그 자체임....
진짜 평온하고 바람도 살랑ㄹ살랑 부는데...어우야...
힐링하는 소리....
재생 수
0
00:00 | 00:08
화질 선택 옵션
자동

힐링하는 소리....
들리시나여...힐링하는 소리..ㅎ
그렇게 30분을 힐링하다가 다시 지점 복귀!
2+1인데 하나는 고대로 마셔버림ㅋㅋㅋ그래서 남은 5개..귀여워
아까 김천가는데 어떤 아저씨들 무리가 단체로 아침햇살 들고 계시길래..(ㅋㅋㅋ귀여워)나도 마시고 싶어져서 삼!
그리구 퇴근하고는 오빠랑 이마트 들림!!
왜냐믄 내일 오빠가 급!놀러가자고 경주에 펜션 잡아놔서 장 봐야하거던여~,~
추진력 아주 조앙
유튜버들이 먹방하던 로프젤리!
근데 난...별로였음 쌔그럽고..ㅎ그냥 별루..
러블리 말고 기블리
글고 주차장에서 마세라티를 봤쥬...;;;;;대단해..;
근데 진짜 이쁘다 마세라티......ㅠㅠㅠ부럽지만 어쩌겠어여?저는 못 사영....ㅠ
귀여운 짤을 찾음..!
ㅋㅋㅋㅋㅋㅋ
그래서 나는 머리랑 눈썹이랑 땀방울 그려줬닿ㅎㅎㅎ
ㅎ-ㅎ오빠와 나..!
아 뭐 여튼 이번 일주일도 색다르고 재밌었다릐요!!"
"최근에 올리브영에서
엄청난 대박 세일을 진행했었다
이를 놓칠 수 없는 올리브영 덕후ㅠㅠ
차라리 참새한테 방앗간을 지나가라고 하세요🤦‍♀️
그치만 항상 소비는 신중해야 하는 법!
매장 가서 몇 번이나 확인하고 둘러보고 후기 찾아보고 또보고
세일기간 내~내 고민과 숙고를 거듭한 끝에
선발된(?) 아이들만 장바구니에 담아서 배송시켰다
진짜 화장품 너무 비싼데
간만에 대박세일이라서,
그리고 코로나19덕분(?)에^^ 밖에 안나가니 돈이 좀 남아서
질러봤다
하 너무 두근두근하고 설레는 언박싱
이만큼 샀다ㅋㅋㅋㅋㅋ
가격정보를 슬쩍 남기자면..
(세일 전 원가➡️세일가)
- 루나 에센스 크리스탈 쿠션 21호
32000원➡️23000원
- 엘프 블러셔 브러쉬+스머지브러쉬 증정 세트
7700원➡️6900원
- 웨이크메이크 루즈건 모이스처 4호, 5호
개당 16000원➡️14400원
- 클리오 샤프 쏘 심플 워터프루프 펜슬 라이너
10000원➡️7000원
- 토리든 다이브인 저분자 히알루론산 세럼 1+1 기획세트
18000원
- 폰즈 클리어 스파 립앤아이 리무버(대용량)
23000원➡️11500원
- 라운드랩 1025 독도클렌저
13000원➡️11700원
- 아비브 껌딱지 시트 마스크 어성초 스티커 2잔
개당 4000원➡️1800원
- 롬앤 베러댄아이즈
16000원
어성초가 좋다고 소문났길래
테스트용으로 한 번 사본 어성초팩
써봤는데 얼굴에 뭐 올라오는 것도 없고
너무 좋다!
어떤 팩은 20분 붙이고 있으면
수분감이 날아가서 오히려 팩이 쫙 마르는 느낌이 드는 것도 있는데
이건 계속 붙이고 있어도 촉촉하고 오히려 쿨링감도 느껴지는 느낌이었다
너무 만족임
어성초는 진정이 잘되기로 유명하다
이번엔 토리든 세럼!
화해 1위이기도 하고
성분도 순하고
1+1으로 팔고있길래(가장 큰 이유)ㅋㅋㅋㅋㅋ바로 겟
써보니까 촉촉하니 수분감도 좋고
자극도 없고
아주 딱 좋다
민감한 피부라 특히 기초살 때 아주 신중을 기하는데
간만에 매우 마음에 드는 세럼!
건성은 이거만 바르기엔 약간 가볍고
로션이나 크림으로 마무리해주면 완-벽
이건 사실 딱히 안사도 됐던거긴 한데ㅠㅠㅋㅋㅋㅋ
요즘 화장품 욕심 도구 욕심이 터져서..
그리고 전부터 사려고 했지만 기회만 노렸던 엘프 블러셔브러쉬가 세일을 하길래 사봄
스머지브러쉬가 있는거랑 없는거랑
500원 차이길래 있는걸로 사버렸다
헤헤
왼쪽부터
엘프 브러쉬/다이소 브러쉬/리얼테크닉 브러쉬
확실히 엘프가 가장 작고 좁은 영역에 바르기 좋다
리얼테크닉도 좋긴 한데 너무 커서
잘못하면 너무 넓게 발렸는데 엘프는 딱 컴팩트하니 좋은 사이즈 같다
모질도 부들부들 매우 만족😭
왼쪽부터
에뛰드하우스 포인트브러쉬/엘프 스머지브러쉬/에뛰드하우스 섀도우브러쉬
두 에뛰드브러쉬의 딱 중간정도다
은근 모가 짧고 탄탄해서
기대 안했는데 마음에 들었다🥰
루나 에센스 크리스탈 쿠션!!
(+ 리필과 그립톡 증정)
평소에 매트한거보단 촉촉한 메이크업을 좋아하는데
이 쿠션이 촉촉 물광 으로 그렇게 유명해서
예전부터 눈독만 들이다가
리필까지해서 23000원이란 가격에 팔길래
쟁였다ㅋㅋㅋㅋ
기존에 쓰던건 그 유명한 클리오 광채쿠션!!
단독으로만 쓰면 정말 만족스러운데
이상하게 파운데이션(특히 롬앤 파데)바르고 그 위에 수정용으로 덧바르면
들뜨는 현상이 너무 심했다
과연 루나는 어떨지..(๑･̑◡･̑๑)
얼른 클리오 다 쓰고 개봉해야지
나의 최애 리무버 폰즈!
원래 작은 용량은 되게 쪼꼬미하고 귀여운데
대용량이 나왔길래 샀다
눈에 들어가도 따갑지도 않고,
마스카라까지 완벽하게 너무 잘 지워진다
진짜 완전 강추 ㅠㅠㅠㅠ
작은 사이즈를 버렸는지 없지만ㅠㅠ
대충 저 롤만한 크기다
실제로 진짜 엄청난 크기라서 깜짝놀램ㅋㅋㅋㅋ
300ml나 되니까 당분간 리무버 걱정은 없음
이제 색조 차례😆
말린 망고튤립 색상인데,
너무너무 부드럽고 입자가 곱다😭
누구한테라도 보여주고 영업하고 싶은 마음에 찍어본 발색 사진
너무 연하고 칙칙한 색으로 찍혔지만
실제론 정말 예뿌다ㅠㅠ
특히 저 낭낭한 펄이 가장 마음에 듦
예전부터 쭉 써오던 클리오 펜슬 아이라이너!
나는 주로 점막채우는 용도로 쓴다
장점은 얇다 부드럽다 물에도 안지워진다
단점은 잘 부러진다
그리고 테스트와 동시에..
부러져버렸다
엉엉 ㅠㅋㅋㅋㅋㅋㅋㅋㅋㅋㅋ너무 많이 돌렸나봐..
양은 이정도+저기 부러진 조각 정도^^..
하 지금 쓰는 것도 반정도 쓰다가 부러져서 산건데
사자마자 부러지다니ㅠㅠㅠ
많이 돌리지말고 쪼끔만 돌려서 사용하기를 강력하게 추천합니다..
대망의 마지막!
웨이크메이크 루즈건 모이스처 립스틱💄
이미 유명한 루즈건 제로를 사려고 했는데,
개인적으로
촉촉한걸 좋아해서😊 모이스처로 삼
4호 하트레이스
5호 코랄스퀴즈
사실 5호는 저번에 남자친구가 사줘서 있던 색인데,
쓰다보니 너무 마음에 들어서
5호 살 당시에 고민했던 색인 4호도
이번 세일 기회로 득템해따
왼쪽 2개는 4호,
오른쪽 2개는 5호 발색
역시나 사진상으론 잘 티가 안나지만..
각각 왼쪽은 2번, 오른쪽은 1번 발색한 사진이다
약간 봄느낌 나고 분홍분홍하게 화장하고 싶을 땐 4호를 바르고,
상큼하고 쨍한 느낌으로 화장하고 싶을 땐 5호를 바른다
나같이 MLBB안어울리는 사람은
누구든 좋아할 색임ㅠㅜㅜ
정말 오랜만에
올리브영에서 잔뜩 털어와서 너무 행복했다
다만 저것들로 화장하고 나갈 일이 없어서 문제ㅠㅠㅠㅋㅋㅋㅋㅋㅋㅋㅋ
통장은 텅장이 되었지만
마음만은 풍족해❤️
4월은 아껴서 살자👊"
"성격 급해서 절~ 대 한가지만 오래 못쓰는데,
그래서 더 신기한 공병리뷰 ✨
(우리집에 못쓰고 버리는 화장품 가득...)
1. 독도토너 
사실 토너는 진짜 ~ 아무거나 써도대 ~
이렇게 생각하는 사람 ,,,인데!
마스크를 너무 오래 쓰고 피부에 신경 안쓰다보니간
뒤집어짐 ... 뾰루지 한두개씩 나거 ㅜㅅ ㅜ
화해어플이랑 글로우픽 다 뒤져봤는데 누구는 좋다하거 누구는 별로라하고 ...
워낙 화장품은 케바케니간 ... ㅎ ㅅ ㅎ 
사실 토너라서 그렇게 비싼 돈 주고는 사고싶지 않았셈..그래서 세일할때 만원 좀 넘게? 주고 샀는데 이거 진짜 조음 ㅜㅜㅜㅜ 
일단 순한게 장점인거같은데 단점이 없다는것도 장점임.. 
딱히 단점 없음 ! 토너팩으로 써도 갠춘코 세수하고 닥토로 써도 갠춘 .. 민감성 피부한테는 어떨지 모르겠으나 왠만한 피부는 갠찬을거같다..!
물토너 같지만 나한테는 약간 점성도 느껴졌는데 콧물제형까진 아님 !!! 얘는 이제 다써서 이제 사러갈 예정 💙
2.토리든 다이브인 저분자 히알루론산 세럼
이거는 벌써 두개째 샀음 ! 💙
이제는 나한테 없으면 안되는 수분 세럼 ..
수분 세럼을 알기 전에는
닥토- 크림 끝이었다 ㅎㅎㅎㅎㅎㅎㅎ 
귀찮은거 증말 싫은 사람..
가끔 샘플로 세럼 얻어오면 몇번 쓰고 마는 사람..
독도 토너 살 때 보다가, 색이 너무 예뻐서 홀린듯이 샀는데 ...! 진짜 내 피부에 수분이 가득 차는 느낌 ㅜㅜㅜ세럼이 이렇게 좋은거욨어?..
생리전에 항상 수분 싹 사라지는 이상한 마법이 시작되는데 수분 세럼 쓰고 나서부터는 덜하다 ..!
트지 않아 ! 화장전에도 쓰고 저녁루틴으로도 필수템 ✨
또 하나.. 회사 끝나고 오늘은 걍 집가자마자 뻗는다 하는날엔 이거 하나 바르고 크림 바르고 자는 날도 많다는거 😎
내가 공병까지 찍고, 또 하나 산건 진짜 기적 !!!
근데 다쓰면 또 살거다 
요즘 세럼에 관심 많아져서 다른 종류 세럼도 사보고싶은데 ㅜㅜㅜㅜ 광고말고 진짜 리뷰를 보고싶다 
어쨌든 토리든님..미스트도 만들어주실 생각 없으신가요..💙 보고계시다면 미스트도 만들어주세요..💙
#공병리뷰 끝 
#화장품 #화장품추천 #리뷰 #세럼추천 #토너추천 #독도토너 #다이브인세럼 #수분세럼 #공병리뷰 #화장품리뷰 #진정세럼 #내돈내산 #솔직리뷰 #광고아님"
"#화장품진심녀 #내돈내산 #올리브영 #생리대추천 #립추천 #플럼립 #핑크립 #올리브영리뷰 
저번 블로그 쓰고 부터 12월까지 샀던 제품들을 간단하게 리뷰해보고자 한다.
첨부된 사진들은 올리브영 앱에서 내 구매목록을 캡처한 것이다!
호불호 없는 추천템에는 ⭐️표시를 했다
웰라쥬 원데이키트 세일하길래 샀다!
올영 일했을 때마다 품절이라 관심이 갔지만
원데이 키트라 하루쓰고 버리는데 비싸서 안샀었는데
이거 너무 좋았다..
왜 인기 있는지 알겠다
비싸서 매일 쓰진 못하지만 뒤집어지거나 특히!
겨울철에 수분 부족할 때 쓰면 좋을 듯 하다.
그리고 나서 뭔가 많아보이지만 찐 필요템들이였다..
[구달 비타C 다크서클 아이크림]
겨울철이라 눈가도 건조한데
전체에 해비한 크림을 바르기엔 저는 넘나 지성인것,,
그래서 부분적으로 유분을 채워주기 위해 아이크림 겟!
다크서클도 고민이고 20대이기에 너무 영양만땅 쓰기는 그래서 우리 나이에 잘 맞을 것 같은 아이크림으로 다가 삼^^
만족중이다 
[페리페라 잉크 브이 쉐딩 3호 헤이즐 그레이]⭐️
페리페라 잉크쉐딩 말해뭐해 좋아좋아 중간톤 쉐딩의 면적이 많게끔 디자인 되어서 좋다
이전의 투쿨은 세개다 면적이 똑같아서 중간톤만 홀 파이고 그랬는데 이건 그럴 일이 없어보인다!
쿨톤쉐딩 넘나리 갖고 싶어서 사따 난 쿨톤이니까^^
[엘프 메이크업 브러쉬]
진짜 가성비템이다!
특히 난 따로 샀던 블러셔 브러쉬가 면적이 좁아서
포인트 블러셔같은걸 원하는 부위에만 바를 수 있게끔 되어서 좋았다. 모질도 부드럽고 인조모지만 넘나 조와
[토리든 다이브인 저분자 히알루론산 세럼]
저번에 리뷰에 썼던 히알루로닉 세럼이 다돼서 이번에는 그냥 올리브영에서 사봤다 이전의 제품에 비해서는 많이 수분감이 떨어지는 느낌이라 난 이걸 여름철에 가볍게 닥토하고 마무리로 쓰고 싶다! 
피부 자극은 진짜 안느껴지는데 겨울철에 쓰긴 나에게 너무 산뜻한 느낌
[리플레니시 경제형세트]⭐️
리뉴는 그냥 올영에서 세일할때 묶음으로 사서 쟁여놔라 제발.. 약국에서 샀던 지난날의 나 반성 훨씬 비싸다 약국이
그리고 조금한 용량 리뉴를 같이 넣어줘서 여행갈때 들고 다니기 진짜 편하다!
트루리뉴 썼었지만 다시 옵티프리로 갈아탐
옵티프리가 체고야
[클리오 킬래쉬 수퍼프루프 마스카라 3호 매끈볼륨]⭐️
클리오 새로나왔던 3호 매끈 볼륨이 너무 궁금해서 샀다! 1호 애용가여서 차이점이 궁금해서 사봤다. 전체적인 평은 1호 롱컬링과 2호 볼륨의 중간 느낌?? 나는 다쓰면 1호를 다시 살꺼지만 속눈썹이 적당히 풍성했으면 좋겠다고 생각한다면 3호 괜찮을 것 같다! 난 숱보단 컬링력과 길이가 중요해서 1호로!
[유기농본 생리대]
난 진짜로 중학생때부터 저것밖에 안씀
옛날에 발암물질 터졌을때도 리스트에 없어서 쭉 썼는데
이번에 발암물질 터진거에는 본은 말고 본 플러스가 있긴 하더라만... 발암물질 안나왔던 제품들로 사고 싶었는데
급해서 샀다
이 다음엔 여성친화적기업에서 만든N.O.W 생리대 좋다는데 그거 사볼 생각이다!!
[에스쁘아 노웨어 립스틱 쉬폰매트 핑크뮬리]⭐️
그리고 몇일 전부터 보던 립스틱 낙찰...
색감이 되게 사람에 맞게끔 예쁘게 올라오는 립스틱이랄까?
겉돌만한 색상이지만 제형 자체가 그걸 막아주는 느낌?
립스틱자체가 되게 가볍다 안이 없는 느낌..? 욕은 아니고 그냥 그런 느낌인데 어쨋든 색은 예쁘게 올라오고 지속력도 중간정도 한다!
ㅋㅋㅋㅋㅋㅋㅋㅋㅋ올영 빅세일이 하지 뭐예요..
어제 샀지만 난 또또 사버렸습니다..
[카멕스 립밤 클래식&체리]
겨울이니까 가볍게 립밤 두개..
헤라 센슈얼 스파이시 누드밤 때문에 화한 느낌 립밤에 빠져버려서 자기전에 입술에 두둑히 올려 놓으려고 팟타입샀다! 좋아 좋아 하지만 끈적거리는거 상관없는 사람만 사길,,
[라운드랩 자작나무 수분크림]
엄청 촉촉하고 백탁 저언혀 없다!
유기자차라서 이런게 가능한걸까..
난 무기자차 러버이면서 백탁 살짝있는 선크림이 좋아 패스 하지만 이런거 좋아하는 사람은 진짜 좋아할 것 같다.
순한게 느껴진다
[페리페라 잉크더에어리벨벳 14호 핑크짬바]
13호 찐오브찐 진짜 잘 쓰고 있어서 믿고 샀다. 
이런 색 너무 밝은 톤이라 잘 안어울리지만 틴트제형이기 때문에 약간 올라오는 형광끼가 착붙이 되도록 해준다..!
얼굴 좀 하얀사람들은 너무 좋아할 색! 진짜 이쁘다.
ㅋㅋㅋㅋㅋㅋㅋ그리고 같은 날 저녁 또 시켜버렸어요
오늘 배송으로다가,,
진짜 현타왔는데 넘 사고 싶은 걸 어쩌겠어요
[릴리바이레드 로맨틱 라이어 무스틴트 6호 블루베리 머랭인척]
이거 진짜 냄새가 너무 좋다 진짜 블루베리 냄새가 난다..
그리고 진하게 바를 수록 딥하게 올라와서 분위기이따..
연하게도 바를 수 있는게 좋고 
무스 제형이라 그런지 입술외곽에도 잘 발려서 좋다💜
근데 7시간동안 마스크쓰고 일하고 집들어와서 처음 마스크벗으니까 겉에만 남아서 두께씨 되어있었다 이것빼곤 다 좋음
[클리오 샤프, 쏘 심플 워터프루프 펜슬라이너 블랙]
그냥 겨울이라 그런지 블랙 아이라이너가 사고 싶었다
아이라이너 같은건 진짜 엄청 찾아보고 사는데
안번진다고 하기에 사봤다
내 평은...!
발림성 진짜 부드럽고 잘 굳지도 않는다 하지만 안번지지 않는다... 나 정말 키스미 대체탬 찾고 있는데...쉽지 않다
[마녀공장 비피다 바이옴 앰플 토너]
나 왜 이거 대용량 샀니...
움.. 좋은지 잘 모르겠다 
약간 이것도 넣고 이것도 넣으면 좋겠지? 
라고 생각하고 만드신 제품 같다..
[필리밀리 T자형 눈썹칼]⭐️
이게 진짜 좋다
대박 좋다
아티스트들이 이거 왜 다발로 사놓는지 알겠다
진짜 쌍커풀라인 부근에 한두가닥씩 나면 너무 거슬리지만
밀기 무서운데 이건 잘 밀리고 뭔가 안전하다 
하여튼 써보면 안다 이건 혁신이야요~!~!
[필리밀리 쿠션 팡팡 퍼프]
미셔 쿠션퍼프 이후로 내 최애 퍼프❣️
퍼프가 제형의 수분감을 그대로 전해주고
위에 세모처럼 되어있어서 눈가 바르기도 편하고
아랫부분은 애기옹동이같다 폭신폭신
[리얼테크닉스 세팅 브러쉬]
하이라이터용 브러쉬 샀다. 많이 털고 사용하면 부분면적이 작아서 쓰기 편하다 굿
[3CE 아이 스위치 더블노트]⭐️
유명한건 이유가 있다
진짜 블루베이스 펄 빤짝빤짝
지속력도 최고고 
부담스럽게 많이 올라가서 한번쓸때마다 면봉하나씩 필요한 그런 것도 아니다 진짜 좋아ㅜㅜ
연말이니까 이런거 또 사줘야죠~^^
이거말고도 네이버페이로도 몇개 시켰지만..
올리브영 리뷰만해도 충분히 긴 포스팅이 되었다,,
종강 했으니 앞으로 더 자주 써야지
화장품진심녀 12월 리뷰 끝!"
"요즘같이 하루 종일 마스크를 써야 하는 때일수록
화장품에 더 관심을 줘야 한다고 생각한다 ㅎㅎㅎ
그래서 구매해 본
토리든 다이브인 저분자 히알루론 세럼
DIVE-IN : 몰두하다
다이브인 뜻이 몰두하다라고 한다. 
즉 '원료'에 몰두하여 특성을 극대화한 세럼이라고 한다.
세일+할인받아 16,000원에 겟겟!!
화해어플, 공홈, 올리브영 등 구성품과 가격이 다르니
그때그때 확인해보고 사는 걸 추천한당
현재 화해, 올리브영에서 1위 중!!
아마 품절템 인기템으로 유명하지 싶다 ㅎㅎㅎㅎ
처음에는 비싼 게 좋은 거겠지!! 하면서 화장품 돈 많이 주고 사보고
피부과 화장품도 써봤는데
그냥 나한테 잘 맞는 화장품 구매하는 게 최고ㅠㅠ!!
그러면서 저렴하면 더 최고!!
마스크팩1EA+앰플50ml+선크림20ml  -> 16,000원
앰플 색이 미쳣자냐....!!!???? (가격도요~)
토리든앰플 사이트
속보습/수분공급
피부진정/보호
피부보습
생기케어
를 강조하고 있으며
색 별로 나뉘어 성분들을 설명해주고 있다 ㅎㅎㅎㅎ
앰플이라서 끈적끈적 거릴 줄 알았는데
너 생각보다 묽다...???
워터젤 제형이라서 평소에 쓰던 세럼 제형보다 묽다고 느껴지긴 한다 
저분자를 강조하는 만큼 피부에 흡수도 빠르게 잘 됨~!!
찐득한 제형이 아니라서 여름에 쓰기 딱 좋음!!
아침에는 로션대신 간단하게 앰플, 세럼만 바르는데
가벼워서 사용하기 정말 좋다 ㅎㅎㅎ
토리든 다이브인 선크림 (무기자차)  SPF 50+ PA++++
이렇게 같이 온 선크림도 빠르게 발라봄
누구보다 빠르게 난 남들과느 ㄴ다르게^^^^^^^^^^
(얼굴에는 저렇게 무식하게 안쳐발함...>_< )
산뜻하고 뻑뻑하지 않아서 좋다 ㅎㅎㅎ
아직 얼굴에 제대로 발라보진 않아서 후기는 1달 뒤 다시 돌아와서 써야할듯 하다 ㅎㅎ"
